#Gc logAge [M/H] m_ini   logL   logTe logg  m-M0   Av    m2/m1 mbol   Kepler g      r      i      z      DDO51_finf   Mact
 1   6.67  0.45  2.50572  1.576 4.012  4.255  8.4   0.032 0.00  9.231  9.624  9.377  9.649  9.887 10.075  9.437  2.506
 1   6.81 -0.39  2.93916  1.952 4.129  4.416 10.7   0.038 0.00 10.590 11.679 11.381 11.716 11.987 12.218 11.472  2.939
 1   7.35  0.17  2.93998  1.855 4.061  4.240  6.7   0.021 0.00  6.833  7.485  7.204  7.517  7.776  7.982  7.286  2.940
 1   7.61 -0.01  1.44621  0.635 3.847  4.297  8.3   0.031 0.00 11.483 11.469 11.590 11.428 11.448 11.521 11.493  1.446
 1   7.81  0.09  0.29972 -1.913 3.556  4.998  3.2   0.006 0.00 12.751 13.476 15.066 13.693 12.805 12.284 14.904  0.300
 1   7.83  0.51  1.44642  0.591 3.829  4.269 10.5   0.037 0.00 13.791 13.723 13.926 13.665 13.662 13.726 13.797  1.446
 1   7.87 -0.31  0.91367 -0.241 3.749  4.582  8.6   0.033 0.00 13.973 13.970 14.418 13.906 13.769 13.727 14.222  0.914
 1   7.99  0.33  1.22150  0.244 3.787  4.373  6.1   0.018 0.00 10.260 10.186 10.527 10.117 10.048 10.064 10.358  1.221
 1   8.01  0.07  0.95891 -0.254 3.732  4.546  7.5   0.026 0.00 12.904 12.896 13.437 12.821 12.663 12.605 13.237  0.959
 1   8.05 -0.13  2.37639  1.575 4.023  4.279  8.3   0.031 0.00  9.132  9.620  9.369  9.647  9.886 10.073  9.429  2.376
 1   8.05  0.45  1.52728  0.701 3.844  4.242  9.0   0.034 0.00 12.018 11.959 12.107 11.908 11.929 12.008 11.996  1.527
 1   8.13 -0.05  1.03405 -0.077 3.757  4.503  9.1   0.035 0.00 14.062 14.042 14.474 13.975 13.853 13.824 14.282  1.034
 1   8.21  0.19  2.04178  1.247 3.939  4.205  8.8   0.034 0.00 10.454 10.563 10.422 10.564 10.739 10.892 10.421  2.042
 1   8.27  0.11  1.92141  1.157 3.930  4.229  8.9   0.034 0.00 10.778 10.866 10.748 10.863 11.023 11.170 10.736  1.921
 1   8.31 -0.05  0.92905 -0.296 3.730  4.566  8.1   0.030 0.00 13.610 13.613 14.154 13.540 13.377 13.315 13.953  0.929
 1   8.35 -0.01  3.91680  2.626 3.668  2.022  8.3   0.031 0.00  6.504  6.651  7.496  6.576  6.305  6.150  7.178  3.917
 1   8.35 -0.01  3.22007  2.189 4.046  3.885  9.0   0.034 0.00  8.296  8.893  8.622  8.924  9.174  9.361  8.702  3.220
 1   8.35  0.31  3.04387  2.036 4.021  3.915  9.1   0.035 0.00  8.779  9.229  8.969  9.257  9.500  9.680  9.042  3.044
 1   8.41 -0.01  3.05372  2.101 4.028  3.879 10.0   0.037 0.00  9.517 10.026  9.765 10.054 10.297 10.475  9.838  3.054
 1   8.41  0.09  2.71088  1.830 4.008  4.019  8.9   0.034 0.00  9.095  9.495  9.250  9.521  9.755  9.930  9.311  2.711
 1   8.47 -0.03  3.47328  2.356 3.691  2.333 11.6   0.038 0.00 10.481 10.560 11.284 10.484 10.255 10.138 10.988  3.473
 1   8.51  0.37  1.10863  0.044 3.764  4.440  8.9   0.034 0.00 13.559 13.506 13.946 13.430 13.324 13.310 13.754  1.109
 1   8.53 -0.07  1.19079  0.262 3.799  4.396  8.7   0.033 0.00 12.816 12.788 13.062 12.733 12.675 12.695 12.915  1.191
 1   8.55 -0.03  1.06515  0.010 3.767  4.468  8.3   0.031 0.00 13.046 13.017 13.412 12.952 12.846 12.829 13.228  1.065
 1   8.55  0.09  1.15353  0.156 3.780  4.411  9.3   0.035 0.00 13.680 13.641 13.994 13.577 13.492 13.493 13.821  1.153
 1   8.59 -0.07  1.03392 -0.050 3.761  4.492  9.1   0.035 0.00 13.994 13.973 14.389 13.908 13.792 13.768 14.200  1.034
 1   8.59  0.07  1.25870  0.356 3.803  4.340  7.6   0.027 0.00 11.479 11.435 11.700 11.377 11.329 11.357 11.555  1.259
 1   8.59  0.25  1.15544  0.137 3.774  4.406  8.6   0.033 0.00 13.027 12.975 13.362 12.904 12.813 12.810 13.181  1.155
 1   8.61  0.09  0.58756 -1.178 3.614  4.786  4.5   0.010 0.00 12.215 12.612 13.821 12.610 12.108 11.807 13.823  0.588
 1   8.63  0.39  1.11359  0.058 3.765  4.433  8.5   0.032 0.00 13.125 13.069 13.504 12.993 12.889 12.878 13.313  1.114
 1   8.65  0.15  1.77251  1.027 3.890  4.165  5.9   0.017 0.00  8.102  8.096  8.082  8.071  8.172  8.294  8.029  1.772
 1   8.67 -0.23  0.99432 -0.082 3.765  4.524  8.5   0.032 0.00 13.476 13.462 13.853 13.400 13.288 13.266 13.671  0.994
 1   8.67  0.07  1.16485  0.190 3.784  4.398  6.3   0.019 0.00 10.596 10.544 10.875 10.482 10.406 10.414 10.709  1.165
 1   8.67  0.19  1.56947  0.781 3.849  4.194 10.5   0.037 0.00 13.317 13.288 13.408 13.244 13.270 13.349 13.309  1.569
 1   8.67  0.31  1.52461  0.722 3.841  4.208  9.5   0.036 0.00 12.465 12.419 12.571 12.369 12.384 12.457 12.461  1.524
 1   8.69 -0.11  2.35977  1.690 3.960  3.906 10.4   0.037 0.00 10.945 11.144 10.953 11.158 11.357 11.506 10.981  2.360
 1   8.69 -0.07  2.78564  1.942 3.700  2.686  9.3   0.035 0.00  9.215  9.271  9.943  9.196  8.984  8.880  9.662  2.786
 1   8.69  0.15  1.25263  0.334 3.797  4.336  8.3   0.031 0.00 12.235 12.186 12.480 12.126 12.068 12.090 12.325  1.252
 1   8.69  0.17  0.90231 -0.396 3.708  4.568  7.8   0.028 0.00 13.561 13.593 14.253 13.513 13.314 13.226 14.076  0.902
 1   8.69  0.23  0.99445 -0.191 3.735  4.512  8.1   0.030 0.00 13.347 13.328 13.873 13.250 13.098 13.047 13.672  0.994
 1   8.69  0.27  1.71032  0.951 3.873  4.158  9.5   0.036 0.00 11.892 11.871 11.918 11.836 11.907 12.011 11.843  1.710
 1   8.69  0.53  2.78808  1.893 3.682  2.665  7.9   0.029 0.00  7.937  8.019  8.850  7.930  7.688  7.561  8.562  2.788
 1   8.71  0.05  2.25302  1.544 3.938  3.946  8.1   0.030 0.00  9.009  9.119  8.965  9.124  9.302  9.446  8.973  2.253
 1   8.71  0.43  1.45726  0.635 3.829  4.230 10.1   0.037 0.00 13.283 13.221 13.418 13.165 13.162 13.224 13.292  1.457
 1   8.73 -0.37  2.28207  1.740 3.969  3.879  9.6   0.036 0.00 10.020 10.270 10.065 10.288 10.493 10.644 10.101  2.282
 1   8.73 -0.11  2.27561  1.626 3.949  3.911  9.1   0.035 0.00  9.804  9.959  9.783  9.969 10.158 10.303  9.802  2.276
 1   8.73  0.01  1.47075  0.702 3.847  4.238 10.9   0.038 0.00 13.915 13.903 14.023 13.862 13.883 13.955 13.927  1.470
 1   8.73  0.33  2.44755  1.693 3.907  3.708  9.5   0.036 0.00 10.038 10.051  9.970 10.040 10.181 10.305  9.949  2.448
 1   8.75 -0.19  2.28445  1.675 3.947  3.856 10.6   0.038 0.00 11.183 11.339 11.165 11.349 11.535 11.677 11.184  2.284
 1   8.75  0.33  1.68558  0.929 3.866  4.147  8.8   0.034 0.00 11.246 11.213 11.280 11.174 11.234 11.334 11.198  1.685
 1   8.77 -0.15  1.64313  0.984 3.902  4.226  8.8   0.034 0.00 11.111 11.161 11.115 11.144 11.258 11.384 11.073  1.642
 1   8.77 -0.03  2.32842  1.659 3.920  3.771 10.1   0.037 0.00 10.722 10.789 10.671 10.788 10.943 11.070 10.666  2.328
 1   8.77  0.09  1.22151  0.298 3.795  4.353  6.4   0.019 0.00 10.426 10.372 10.665 10.312 10.253 10.274 10.511  1.221
 1   8.77  0.11  1.54507  0.781 3.852  4.200  9.0   0.034 0.00 11.817 11.795 11.902 11.754 11.786 11.866 11.809  1.545
 1   8.79 -0.13  1.38326  0.629 3.849  4.290  7.3   0.025 0.00 10.497 10.490 10.600 10.451 10.473 10.547 10.508  1.383
 1   8.81 -0.29  2.28619  1.746 3.906  3.620  7.8   0.028 0.00  8.205  8.248  8.155  8.242  8.377  8.492  8.141  2.286
 1   8.81 -0.09  1.39259  0.632 3.845  4.277  9.0   0.034 0.00 12.191 12.185 12.309 12.145 12.160 12.230 12.212  1.392
 1   8.81 -0.03  1.22591  0.335 3.805  4.355  9.4   0.036 0.00 13.332 13.304 13.562 13.250 13.200 13.226 13.420  1.226
 1   8.83 -0.37  1.68498  1.127 3.935  4.223 10.4   0.037 0.00 12.351 12.487 12.356 12.489 12.651 12.794 12.350  1.684
 1   8.83  0.29  0.97803 -0.223 3.730  4.519  8.3   0.031 0.00 13.628 13.614 14.185 13.533 13.374 13.318 13.984  0.978
 1   8.85 -0.19  2.13324  1.564 3.915  3.808  9.2   0.035 0.00 10.061 10.126 10.023 10.122 10.266 10.390 10.011  2.133
 1   8.85  0.01  1.10133  0.087 3.775  4.440  9.3   0.035 0.00 13.852 13.819 14.184 13.755 13.663 13.656 14.007  1.101
 1   8.87  0.19  1.25941  0.352 3.796  4.317  9.2   0.035 0.00 13.091 13.042 13.343 12.980 12.921 12.943 13.185  1.259
 1   8.89 -0.15  1.07526  0.073 3.780  4.461  8.7   0.033 0.00 13.288 13.266 13.607 13.206 13.118 13.114 13.438  1.075
 1   8.89  0.05  1.52641  0.788 3.852  4.186 10.2   0.037 0.00 13.000 12.985 13.092 12.945 12.975 13.053 12.999  1.526
 1   8.93  0.11  1.32716  0.487 3.813  4.273  9.4   0.036 0.00 12.951 12.913 13.148 12.859 12.826 12.864 13.012  1.327
 1   8.93  0.27  1.45225  0.651 3.826  4.198  9.2   0.035 0.00 12.342 12.290 12.489 12.236 12.227 12.283 12.364  1.452
 1   8.95 -0.09  1.02444 -0.045 3.762  4.487  8.3   0.031 0.00 13.182 13.159 13.568 13.094 12.980 12.958 13.381  1.024
 1   8.95 -0.07  1.23543  0.378 3.811  4.343  8.6   0.033 0.00 12.425 12.401 12.634 12.349 12.310 12.344 12.501  1.235
 1   8.95  0.05  1.34176  0.528 3.820  4.263 10.1   0.037 0.00 13.551 13.521 13.731 13.470 13.446 13.490 13.604  1.341
 1   8.95  0.09  1.20856  0.290 3.793  4.350  8.2   0.031 0.00 12.246 12.202 12.506 12.142 12.078 12.095 12.348  1.208
 1   8.95  0.13  1.65208  0.938 3.857  4.093  8.4   0.032 0.00 10.826 10.801 10.888 10.762 10.805 10.892 10.801  1.651
 1   8.95  0.21  1.30005  0.424 3.803  4.284  9.1   0.035 0.00 12.809 12.758 13.036 12.698 12.649 12.679 12.885  1.300
 1   8.97 -0.09  1.82384  1.224 3.888  3.972  9.7   0.036 0.00 11.410 11.432 11.418 11.410 11.506 11.616 11.368  1.822
 1   8.97 -0.05  2.13672  1.562 3.694  2.929  8.2   0.031 0.00  9.065  9.134  9.829  9.060  8.838  8.726  9.557  2.137
 1   8.97  0.21  1.06144 -0.032 3.754  4.458  8.8   0.034 0.00 13.651 13.616 14.081 13.541 13.418 13.390 13.883  1.061
 1   8.99 -0.31  0.97978 -0.059 3.772  4.523  8.1   0.030 0.00 13.017 13.004 13.364 12.945 12.844 12.829 13.190  0.980
 1   8.99 -0.25  2.07032  1.612 3.705  2.907 10.0   0.037 0.00 10.741 10.797 11.429 10.728 10.520 10.420 11.161  2.070
 1   8.99 -0.15  0.97243 -0.140 3.753  4.523  7.6   0.027 0.00 12.719 12.700 13.139 12.634 12.507 12.473 12.945  0.972
 1   8.99 -0.05  1.14795  0.203 3.789  4.398  8.6   0.033 0.00 12.862 12.832 13.141 12.773 12.701 12.710 12.982  1.148
 1   8.99  0.01  1.30334  0.483 3.816  4.280 10.2   0.037 0.00 13.763 13.736 13.957 13.684 13.654 13.693 13.827  1.303
 1   8.99  0.03  1.22747  0.345 3.801  4.332 10.0   0.037 0.00 13.907 13.874 14.147 13.817 13.763 13.786 13.999  1.227
 1   8.99  0.31  1.49095  0.716 3.830  4.160  8.6   0.033 0.00 11.581 11.525 11.712 11.472 11.470 11.531 11.590  1.490
 1   9.01 -0.27  1.83789  1.335 3.885  3.852  9.4   0.036 0.00 10.832 10.859 10.844 10.838 10.930 11.033 10.796  1.835
 1   9.01 -0.17  1.24386  0.439 3.825  4.340  7.9   0.029 0.00 11.573 11.560 11.744 11.513 11.495 11.542 11.628  1.243
 1   9.01 -0.03  0.77473 -0.666 3.678  4.652  7.3   0.025 0.00 13.734 13.853 14.648 13.777 13.517 13.382 14.547  0.775
 1   9.01 -0.03  1.32492  0.534 3.824  4.269  8.5   0.032 0.00 11.935 11.910 12.100 11.862 11.845 11.893 11.981  1.324
 1   9.01 -0.03  1.16187  0.231 3.791  4.384  9.5   0.036 0.00 13.693 13.664 13.968 13.606 13.536 13.547 13.811  1.162
 1   9.01  0.05  1.67767  1.005 3.861  4.046 10.4   0.037 0.00 12.657 12.645 12.719 12.609 12.657 12.744 12.638  1.676
 1   9.01  0.37  1.38087  0.558 3.814  4.224  9.9   0.037 0.00 13.274 13.213 13.459 13.153 13.125 13.171 13.317  1.380
 1   9.03 -0.37  0.46417 -1.405 3.609  4.891  4.6   0.010 0.00 12.882 13.237 14.452 13.219 12.740 12.456 14.438  0.464
 1   9.03 -0.09  2.17602  1.764 3.694  2.733  9.3   0.035 0.00  9.659  9.733 10.430  9.660  9.435  9.322 10.151  2.176
 1   9.03 -0.05  1.67807  1.046 3.869  4.038  8.1   0.030 0.00 10.255 10.252 10.295 10.220 10.283 10.378 10.225  1.676
 1   9.03 -0.01  1.47440  0.758 3.846  4.178  9.8   0.037 0.00 12.674 12.662 12.783 12.621 12.640 12.711 12.687  1.474
 1   9.03  0.19  1.63188  0.912 3.841  4.051  7.8   0.028 0.00 10.291 10.247 10.384 10.201 10.219 10.291 10.280  1.631
 1   9.03  0.39  1.75921  1.067 3.844  3.938  7.0   0.023 0.00  9.104  9.035  9.167  8.986  9.014  9.093  9.062  1.757
 1   9.05 -0.23  1.76717  1.244 3.876  3.889  8.0   0.029 0.00  9.660  9.669  9.683  9.643  9.719  9.816  9.624  1.765
 1   9.05 -0.21  1.76453  1.231 3.874  3.897  9.0   0.034 0.00 10.692 10.703 10.723 10.676 10.749 10.845 10.662  1.762
 1   9.05 -0.19  1.33504  0.617 3.845  4.272 10.1   0.037 0.00 13.327 13.333 13.456 13.293 13.307 13.374 13.361  1.334
 1   9.05 -0.03  1.02686 -0.041 3.760  4.476  8.9   0.034 0.00 13.773 13.750 14.172 13.683 13.567 13.541 13.982  1.027
 1   9.05 -0.01  0.96662 -0.185 3.742  4.521  8.8   0.034 0.00 14.033 14.023 14.518 13.952 13.807 13.760 14.317  0.967
 1   9.05 -0.01  1.43239  0.701 3.838  4.192  9.0   0.034 0.00 12.016 11.998 12.142 11.954 11.961 12.025 12.038  1.432
 1   9.05 -0.01  1.56743  0.891 3.854  4.105  9.4   0.036 0.00 11.942 11.932 12.024 11.894 11.929 12.009 11.937  1.566
 1   9.05  0.05  2.04098  1.535 3.687  2.907  9.9   0.037 0.00 10.832 10.924 11.667 10.847 10.611 10.488 11.394  2.041
 1   9.05  0.07  1.26886  0.420 3.806  4.292 10.2   0.037 0.00 13.921 13.886 14.143 13.830 13.784 13.814 14.000  1.268
 1   9.05  0.19  1.35499  0.527 3.811  4.233  6.8   0.022 0.00 10.253 10.194 10.437 10.137 10.104 10.145 10.298  1.354
 1   9.05  0.25  1.72572  1.031 3.840  3.949 10.6   0.038 0.00 12.793 12.747 12.892 12.700 12.717 12.786 12.785  1.724
 1   9.05  0.35  1.69469  0.993 3.840  3.978  9.8   0.037 0.00 12.087 12.032 12.184 11.983 12.000 12.071 12.073  1.693
 1   9.07 -0.39  1.08509  0.227 3.806  4.417  5.9   0.017 0.00 10.104 10.093 10.327 10.044  9.994 10.019 10.196  1.085
 1   9.07 -0.21  1.65341  1.095 3.878  4.020 10.3   0.037 0.00 12.333 12.355 12.370 12.329 12.405 12.505 12.310  1.652
 1   9.07 -0.15  1.62934  1.037 3.872  4.047  8.1   0.030 0.00 10.279 10.285 10.318 10.256 10.322 10.419 10.252  1.628
 1   9.07 -0.15  1.06917  0.074 3.779  4.456  9.2   0.035 0.00 13.786 13.765 14.108 13.705 13.616 13.611 13.939  1.069
 1   9.07 -0.09  1.03445 -0.011 3.766  4.474  7.7   0.028 0.00 12.498 12.470 12.863 12.406 12.299 12.282 12.680  1.034
 1   9.07  0.37  1.57502  0.844 3.833  4.068 11.0   0.038 0.00 13.661 13.603 13.782 13.550 13.554 13.619 13.662  1.574
 1   9.09 -0.41  1.80509  1.720 3.693  2.691  9.3   0.035 0.00  9.771  9.859 10.532  9.794  9.563  9.443 10.253  1.801
 1   9.09 -0.19  1.40361  0.733 3.856  4.221  9.6   0.036 0.00 12.538 12.548 12.637 12.512 12.544 12.623 12.552  1.403
 1   9.09 -0.13  1.41303  0.725 3.850  4.210  9.8   0.037 0.00 12.758 12.759 12.866 12.721 12.744 12.818 12.775  1.412
 1   9.09 -0.09  1.90673  1.683 3.679  2.696 11.2   0.038 0.00 11.763 11.882 12.652 11.810 11.557 11.419 12.368  1.902
 1   9.09 -0.01  0.81456 -0.565 3.691  4.626  5.8   0.016 0.00 11.983 12.054 12.772 11.977 11.747 11.634 12.632  0.815
 1   9.09 -0.01  1.99656  1.573 3.760  3.139 10.2   0.037 0.00 11.036 11.005 11.412 10.940 10.828 10.804 11.211  1.935
 1   9.09  0.01  1.42214  0.689 3.833  4.180 10.7   0.038 0.00 13.748 13.728 13.890 13.682 13.680 13.738 13.780  1.421
 1   9.09  0.15  0.92759 -0.316 3.719  4.545  8.2   0.031 0.00 13.760 13.770 14.375 13.692 13.513 13.440 14.181  0.928
 1   9.09  0.29  1.19994  0.262 3.785  4.341  8.4   0.032 0.00 12.515 12.456 12.805 12.389 12.314 12.325 12.634  1.200
 1   9.09  0.39  1.29367  0.433 3.801  4.267 10.0   0.037 0.00 13.688 13.623 13.919 13.558 13.509 13.540 13.761  1.293
 1   9.09  0.43  1.25729  0.371 3.795  4.294 10.1   0.037 0.00 13.942 13.874 14.194 13.806 13.748 13.773 14.030  1.257
 1   9.11 -0.11  1.48079  0.823 3.854  4.149  9.9   0.037 0.00 12.613 12.613 12.705 12.577 12.609 12.688 12.619  1.480
 1   9.11 -0.01  1.18631  0.291 3.796  4.352  9.7   0.036 0.00 13.742 13.712 14.000 13.655 13.593 13.610 13.848  1.186
 1   9.11  0.07  1.17477  0.250 3.789  4.359  8.8   0.034 0.00 12.944 12.905 13.224 12.844 12.772 12.783 13.062  1.174
 1   9.11  0.15  1.30975  0.475 3.806  4.252  9.3   0.035 0.00 12.883 12.839 13.099 12.781 12.738 12.770 12.955  1.309
 1   9.13 -0.35  1.21119  0.490 3.842  4.343  9.1   0.035 0.00 12.646 12.664 12.795 12.625 12.629 12.690 12.698  1.211
 1   9.13 -0.17  1.95902  1.673 3.698  2.795 11.2   0.038 0.00 11.786 11.853 12.523 11.782 11.564 11.455 12.246  1.959
 1   9.13 -0.13  2.02447  4.007 3.442 -0.558  9.3   0.035 0.00  4.054  6.007  8.423  6.315  5.303  4.415  7.640  1.981
 1   9.13 -0.07  1.01504 -0.052 3.760  4.483  8.6   0.033 0.00 13.500 13.478 13.896 13.412 13.296 13.270 13.707  1.015
 1   9.13 -0.01  1.10079  0.125 3.778  4.412  8.3   0.031 0.00 12.758 12.723 13.076 12.661 12.572 12.569 12.903  1.101
 1   9.13  0.03  1.66600  1.028 3.838  3.930  9.5   0.036 0.00 11.701 11.673 11.813 11.630 11.641 11.704 11.710  1.664
 1   9.13  0.07  0.89607 -0.369 3.716  4.567  7.0   0.023 0.00 12.692 12.709 13.320 12.631 12.447 12.368 13.132  0.896
 1   9.13  0.11  0.96904 -0.205 3.736  4.519  8.6   0.033 0.00 13.882 13.872 14.402 13.797 13.645 13.592 14.200  0.969
 1   9.13  0.31  1.59608  0.884 3.826  4.008 10.0   0.037 0.00 12.559 12.502 12.698 12.449 12.442 12.499 12.573  1.595
 1   9.15 -0.35  1.43295  0.867 3.871  4.157 11.2   0.038 0.00 13.802 13.835 13.875 13.806 13.864 13.956 13.807  1.432
 1   9.15 -0.23  1.44569  0.831 3.862  4.162  8.8   0.034 0.00 11.492 11.506 11.572 11.473 11.518 11.603 11.495  1.444
 1   9.15 -0.21  1.08696  0.147 3.792  4.439  8.3   0.031 0.00 12.702 12.684 12.980 12.629 12.557 12.566 12.827  1.087
 1   9.15 -0.17  1.22150  0.423 3.821  4.332  4.6   0.010 0.00  8.312  8.281  8.471  8.233  8.212  8.259  8.353  1.221
 1   9.15 -0.13  1.25340  0.473 3.823  4.301  9.8   0.037 0.00 13.387 13.375 13.568 13.328 13.306 13.351 13.449  1.253
 1   9.15 -0.07  1.11298  0.155 3.784  4.412  8.4   0.032 0.00 12.782 12.752 13.080 12.693 12.613 12.616 12.915  1.113
 1   9.15 -0.05  1.39719  0.684 3.835  4.184  9.7   0.036 0.00 12.760 12.744 12.900 12.700 12.700 12.759 12.792  1.396
 1   9.15 -0.03  1.55269  0.904 3.843  4.042  9.7   0.036 0.00 12.210 12.194 12.320 12.152 12.168 12.236 12.222  1.551
 1   9.15 -0.03  1.78696  1.194 3.809  3.676 10.6   0.038 0.00 12.384 12.349 12.579 12.298 12.261 12.291 12.444  1.784
 1   9.15  0.01  1.64069  1.007 3.836  3.936 10.0   0.037 0.00 12.253 12.227 12.373 12.183 12.190 12.250 12.268  1.639
 1   9.15  0.13  1.79810  1.149 3.803  3.699 11.2   0.038 0.00 13.097 13.048 13.309 12.991 12.946 12.972 13.162  1.795
 1   9.15  0.15  1.15827  0.202 3.780  4.367  9.8   0.037 0.00 14.064 14.022 14.379 13.956 13.872 13.874 14.205  1.158
 1   9.15  0.25  1.30631  0.463 3.802  4.245  8.9   0.034 0.00 12.512 12.456 12.737 12.395 12.346 12.376 12.585  1.306
 1   9.17 -0.39  1.40223  0.841 3.868  4.163  9.5   0.036 0.00 12.167 12.199 12.246 12.170 12.223 12.312 12.176  1.401
 1   9.17 -0.35  1.38344  0.796 3.864  4.184  9.2   0.035 0.00 11.980 12.007 12.068 11.976 12.021 12.106 11.993  1.382
 1   9.17 -0.35  1.37828  0.787 3.863  4.189  9.3   0.035 0.00 12.101 12.128 12.191 12.097 12.141 12.225 12.116  1.377
 1   9.17 -0.27  1.80319  1.780 3.695  2.633 10.2   0.037 0.00 10.521 10.598 11.274 10.529 10.305 10.190 10.993  1.769
 1   9.17 -0.21  1.37119  0.712 3.849  4.207  9.1   0.035 0.00 12.090 12.096 12.202 12.058 12.080 12.152 12.113  1.370
 1   9.17 -0.09  0.77963 -0.623 3.686  4.642  7.4   0.026 0.00 13.726 13.824 14.571 13.749 13.505 13.381 14.443  0.780
 1   9.17 -0.01  1.28060  0.482 3.813  4.263  9.2   0.035 0.00 12.766 12.738 12.966 12.686 12.652 12.688 12.833  1.280
 1   9.17  0.01  1.16973  0.266 3.792  4.354  9.6   0.036 0.00 13.705 13.672 13.976 13.614 13.546 13.559 13.818  1.169
 1   9.17  0.09  1.60422  0.938 3.828  3.961 10.1   0.037 0.00 12.525 12.489 12.667 12.440 12.434 12.487 12.550  1.602
 1   9.17  0.17  0.99511 -0.155 3.740  4.497  8.6   0.033 0.00 13.758 13.739 14.258 13.664 13.518 13.472 14.057  0.995
 1   9.17  0.35  1.71196  1.036 3.810  3.820 10.2   0.037 0.00 12.379 12.314 12.566 12.253 12.222 12.261 12.420  1.709
 1   9.17  0.45  1.13504  0.145 3.772  4.384  9.5   0.036 0.00 13.909 13.845 14.256 13.770 13.677 13.675 14.070  1.135
 1   9.17  0.47  1.48796  0.745 3.819  4.087  9.1   0.035 0.00 12.007 11.934 12.165 11.873 11.856 11.909 12.026  1.487
 1   9.19 -0.27  1.33402  0.682 3.849  4.223 10.9   0.038 0.00 13.964 13.978 14.086 13.941 13.961 14.031 13.996  1.333
 1   9.19 -0.23  1.23067  0.485 3.831  4.312  8.9   0.034 0.00 12.457 12.457 12.622 12.413 12.402 12.454 12.513  1.230
 1   9.19 -0.03  1.64812  1.042 3.827  3.865  8.3   0.031 0.00 10.466 10.433 10.604 10.386 10.379 10.429 10.491  1.646
 1   9.19  0.05  1.57034  0.911 3.828  3.981 11.0   0.038 0.00 13.493 13.462 13.637 13.414 13.407 13.460 13.522  1.569
 1   9.19  0.17  1.22754  0.341 3.792  4.300  9.9   0.037 0.00 13.818 13.773 14.087 13.710 13.645 13.660 13.926  1.227
 1   9.19  0.17  1.68473  1.015 3.810  3.834 10.2   0.037 0.00 12.432 12.383 12.624 12.327 12.293 12.328 12.484  1.682
 1   9.19  0.27  1.68023  1.001 3.808  3.840 10.4   0.037 0.00 12.666 12.608 12.861 12.549 12.514 12.550 12.716  1.678
 1   9.21 -0.21  0.97802 -0.087 3.762  4.510  8.7   0.033 0.00 13.687 13.674 14.077 13.611 13.495 13.470 13.891  0.978
 1   9.21 -0.15  1.52485  0.933 3.845  4.014  9.5   0.036 0.00 11.937 11.930 12.045 11.892 11.910 11.978 11.952  1.523
 1   9.21 -0.07  1.59976  1.002 3.829  3.902 10.7   0.038 0.00 12.964 12.942 13.106 12.897 12.892 12.944 12.996  1.597
 1   9.21  0.01  1.83386  1.728 3.680  2.631  8.9   0.034 0.00  9.350  9.460 10.235  9.384  9.136  9.001  9.948  1.800
 1   9.21  0.01  1.28166  0.487 3.811  4.250 10.1   0.037 0.00 13.651 13.623 13.858 13.570 13.533 13.567 13.723  1.281
 1   9.21  0.03  1.11258  0.146 3.779  4.401  9.6   0.036 0.00 14.006 13.972 14.325 13.909 13.822 13.821 14.152  1.112
 1   9.21  0.05  0.99375 -0.126 3.749  4.501  8.0   0.029 0.00 13.086 13.060 13.531 12.989 12.857 12.820 13.332  0.994
 1   9.21  0.07  1.73358  1.104 3.794  3.695 10.8   0.038 0.00 12.809 12.765 13.053 12.707 12.648 12.664 12.897  1.730
 1   9.21  0.11  1.22172  0.350 3.795  4.301  9.5   0.036 0.00 13.395 13.353 13.652 13.293 13.231 13.250 13.495  1.221
 1   9.23 -0.33  0.75877 -0.586 3.699  4.647  7.7   0.028 0.00 13.936 14.002 14.657 13.932 13.713 13.607 14.478  0.759
 1   9.23 -0.31  1.51408  1.002 3.850  3.960 10.9   0.038 0.00 13.164 13.173 13.269 13.138 13.162 13.232 13.184  1.512
 1   9.23 -0.29  0.90254 -0.228 3.748  4.560  8.3   0.031 0.00 13.640 13.635 14.086 13.571 13.433 13.391 13.890  0.902
 1   9.23 -0.25  0.96605 -0.097 3.763  4.518  7.6   0.027 0.00 12.612 12.595 12.991 12.533 12.420 12.396 12.808  0.966
 1   9.23 -0.03  1.16092  0.261 3.793  4.360  9.3   0.035 0.00 13.416 13.387 13.684 13.329 13.263 13.276 13.529  1.161
 1   9.23  0.05  1.18638  0.301 3.793  4.329  8.8   0.034 0.00 12.818 12.780 13.082 12.720 12.655 12.670 12.925  1.186
 1   9.23  0.07  1.82789  1.915 3.661  2.368  9.8   0.037 0.00  9.782  9.963 10.849  9.890  9.600  9.432 10.558  1.794
 1   9.23  0.15  1.27873  0.446 3.801  4.248  8.9   0.034 0.00 12.556 12.509 12.788 12.449 12.397 12.423 12.637  1.278
 1   9.23  0.39  1.71839  1.045 3.787  3.720  8.6   0.033 0.00 10.757 10.685 11.025 10.616 10.548 10.563 10.850  1.715
 1   9.23  0.41  1.59091  0.897 3.808  3.921 10.4   0.037 0.00 12.926 12.857 13.121 12.795 12.760 12.799 12.971  1.589
 1   9.23  0.43  1.70346  1.028 3.790  3.746 11.2   0.038 0.00 13.401 13.330 13.664 13.261 13.198 13.216 13.490  1.700
 1   9.25 -0.13  1.66392  1.016 3.723  3.480 10.3   0.037 0.00 12.530 12.551 13.109 12.480 12.305 12.231 12.869  1.660
 1   9.25 -0.11  1.02294 -0.012 3.766  4.471  8.9   0.034 0.00 13.699 13.678 14.070 13.614 13.506 13.488 13.887  1.023
 1   9.25 -0.07  1.28660  0.530 3.819  4.240  8.0   0.029 0.00 11.445 11.419 11.623 11.370 11.345 11.388 11.499  1.286
 1   9.25  0.05  1.13553  0.199 3.783  4.373  9.5   0.036 0.00 13.773 13.737 14.077 13.675 13.594 13.597 13.908  1.135
 1   9.25  0.07  1.14841  0.221 3.784  4.360  9.6   0.036 0.00 13.817 13.780 14.116 13.717 13.639 13.644 13.948  1.148
 1   9.25  0.11  1.79255  1.754 3.670  2.555 10.1   0.037 0.00 10.484 10.627 11.468 10.551 10.282 10.130 11.180  1.754
 1   9.25  0.17  1.11198  0.115 3.770  4.395  9.5   0.036 0.00 13.982 13.941 14.339 13.872 13.773 13.763 14.155  1.112
 1   9.25  0.19  1.14554  0.183 3.776  4.363  9.8   0.037 0.00 14.113 14.068 14.445 14.000 13.910 13.907 14.265  1.145
 1   9.25  0.25  1.42990  0.676 3.809  4.099 10.0   0.037 0.00 13.079 13.026 13.281 12.967 12.930 12.967 13.136  1.429
 1   9.25  0.31  1.43462  0.683 3.809  4.094  9.6   0.036 0.00 12.661 12.602 12.860 12.542 12.506 12.545 12.714  1.433
 1   9.27 -0.33  1.37090  0.798 3.849  4.116 10.7   0.038 0.00 13.475 13.490 13.594 13.454 13.473 13.541 13.506  1.369
 1   9.27 -0.23  1.54984  1.024 3.820  3.831 10.3   0.037 0.00 12.511 12.498 12.684 12.452 12.431 12.470 12.568  1.547
 1   9.27 -0.15  1.38023  0.729 3.836  4.139 10.8   0.038 0.00 13.746 13.741 13.888 13.698 13.700 13.758 13.784  1.379
 1   9.27 -0.09  1.70183  1.732 3.682  2.599 12.9   0.038 0.00 13.341 13.450 14.204 13.376 13.131 12.998 13.916  1.647
 1   9.27 -0.01  1.29930  0.539 3.814  4.214  9.9   0.037 0.00 13.323 13.296 13.521 13.244 13.211 13.248 13.390  1.298
 1   9.27  0.01  1.15060  0.247 3.789  4.354  9.1   0.035 0.00 13.253 13.219 13.533 13.160 13.088 13.097 13.372  1.150
 1   9.27  0.03  0.95466 -0.207 3.739  4.525  8.5   0.032 0.00 13.788 13.778 14.288 13.705 13.557 13.507 14.087  0.955
 1   9.27  0.25  1.35325  0.563 3.804  4.167  8.9   0.034 0.00 12.263 12.207 12.481 12.146 12.100 12.132 12.330  1.352
 1   9.27  0.29  1.42735  0.677 3.807  4.090  9.6   0.036 0.00 12.677 12.620 12.883 12.559 12.520 12.556 12.735  1.426
 1   9.27  0.43  1.56524  0.870 3.802  3.915 11.0   0.038 0.00 13.595 13.523 13.812 13.458 13.413 13.445 13.653  1.563
 1   9.29 -0.25  0.48703 -1.365 3.607  4.866  4.2   0.009 0.00 12.381 12.756 13.986 12.747 12.251 11.956 13.978  0.487
 1   9.29 -0.23  1.56912  1.069 3.807  3.737  8.2   0.031 0.00 10.299 10.275 10.502 10.225 10.183 10.209 10.371  1.566
 1   9.29 -0.13  1.41072  0.775 3.832  4.086 10.7   0.038 0.00 13.533 13.522 13.681 13.478 13.473 13.527 13.573  1.409
 1   9.29 -0.11  1.30515  0.591 3.825  4.208 10.2   0.037 0.00 13.492 13.478 13.664 13.431 13.414 13.460 13.547  1.304
 1   9.29 -0.09  1.19332  0.362 3.806  4.324  9.2   0.035 0.00 13.065 13.043 13.292 12.990 12.943 12.970 13.153  1.193
 1   9.29 -0.09  1.17639  0.322 3.802  4.342  9.5   0.036 0.00 13.466 13.443 13.705 13.388 13.335 13.358 13.562  1.176
 1   9.29 -0.01  1.28624  0.519 3.811  4.219  9.4   0.036 0.00 12.872 12.844 13.077 12.791 12.754 12.788 12.942  1.285
 1   9.29  0.11  1.43517  0.721 3.811  4.063  9.7   0.036 0.00 12.667 12.625 12.864 12.571 12.536 12.572 12.726  1.434
 1   9.29  0.23  1.15339  0.205 3.777  4.349  6.0   0.017 0.00 10.257 10.191 10.559 10.122 10.038 10.041 10.382  1.153
 1   9.29  0.25  1.03892 -0.047 3.751  4.451  8.5   0.032 0.00 13.387 13.350 13.829 13.274 13.147 13.116 13.629  1.039
 1   9.31 -0.27  1.33025  0.712 3.840  4.155 10.8   0.038 0.00 13.791 13.798 13.932 13.758 13.764 13.823 13.833  1.329
 1   9.31 -0.23  1.61864  1.797 3.686  2.524 10.1   0.037 0.00 10.378 10.478 11.201 10.408 10.168 10.040 10.911  1.553
 1   9.31 -0.21  1.17198  0.380 3.816  4.336  9.3   0.035 0.00 13.119 13.111 13.325 13.063 13.029 13.064 13.200  1.171
 1   9.31 -0.17  1.54650  0.997 3.803  3.786 11.0   0.038 0.00 13.277 13.254 13.501 13.203 13.153 13.174 13.362  1.543
 1   9.31 -0.17  1.54205  0.990 3.804  3.797 11.1   0.038 0.00 13.394 13.372 13.615 13.321 13.273 13.296 13.477  1.539
 1   9.31 -0.13  1.54165  0.970 3.804  3.820  9.8   0.037 0.00 12.146 12.120 12.363 12.068 12.022 12.046 12.225  1.539
 1   9.31 -0.11  0.83323 -0.458 3.710  4.601  7.1   0.024 0.00 13.016 13.051 13.674 12.977 12.780 12.692 13.490  0.833
 1   9.31 -0.11  0.90911 -0.267 3.736  4.551  8.5   0.032 0.00 13.937 13.937 14.451 13.867 13.712 13.656 14.249  0.909
 1   9.31 -0.09  1.07852  0.112 3.780  4.423  9.2   0.035 0.00 13.689 13.664 14.008 13.603 13.516 13.512 13.838  1.078
 1   9.31 -0.07  1.34885  0.656 3.822  4.147 10.3   0.037 0.00 13.430 13.410 13.604 13.362 13.342 13.387 13.484  1.348
 1   9.31 -0.03  1.60997  1.170 3.822  3.710  9.7   0.036 0.00 11.546 11.512 11.694 11.465 11.451 11.497 11.577  1.607
 1   9.31  0.01  1.53808  0.905 3.803  3.878 10.7   0.038 0.00 13.208 13.172 13.428 13.117 13.070 13.095 13.284  1.536
 1   9.31  0.03  1.25350  0.455 3.804  4.245  9.3   0.035 0.00 12.933 12.898 13.158 12.843 12.795 12.822 13.014  1.253
 1   9.31  0.07  1.30005  0.525 3.806  4.198  9.4   0.036 0.00 12.858 12.820 13.075 12.765 12.721 12.751 12.932  1.299
 1   9.31  0.09  1.21966  0.373 3.796  4.279 10.2   0.037 0.00 14.038 13.999 14.294 13.939 13.878 13.896 14.139  1.219
 1   9.31  0.11  1.30372  0.518 3.804  4.196  9.6   0.036 0.00 13.075 13.033 13.299 12.976 12.928 12.956 13.153  1.303
 1   9.31  0.13  1.60962  0.948 3.783  3.775  7.2   0.025 0.00  9.601  9.544  9.876  9.481  9.407  9.414  9.705  1.607
 1   9.31  0.13  1.45900  0.754 3.806  4.017  9.0   0.034 0.00 11.885 11.838 12.093 11.781 11.739 11.771 11.949  1.457
 1   9.31  0.15  1.20474  0.326 3.789  4.296  7.7   0.028 0.00 11.656 11.604 11.925 11.541 11.473 11.486 11.761  1.204
 1   9.31  0.17  1.13921  0.187 3.776  4.358  7.9   0.029 0.00 12.202 12.152 12.523 12.084 11.996 11.995 12.344  1.139
 1   9.33 -0.07  0.98618 -0.092 3.755  4.490  6.7   0.021 0.00 11.701 11.671 12.105 11.604 11.482 11.452 11.913  0.986
 1   9.33 -0.05  1.25855  0.490 3.811  4.239 10.2   0.037 0.00 13.745 13.721 13.954 13.669 13.631 13.664 13.821  1.258
 1   9.33  0.07  1.26850  0.475 3.803  4.223  9.1   0.035 0.00 12.682 12.643 12.910 12.586 12.537 12.563 12.763  1.268
 1   9.33  0.07  1.21879  0.382 3.797  4.274  9.4   0.036 0.00 13.214 13.175 13.465 13.117 13.057 13.076 13.311  1.218
 1   9.33  0.09  1.20250  0.344 3.793  4.291  9.5   0.036 0.00 13.410 13.370 13.676 13.310 13.245 13.260 13.517  1.202
 1   9.35 -0.35  1.47527  1.081 3.774  3.566  9.9   0.037 0.00 11.968 11.957 12.296 11.902 11.805 11.790 12.124  1.472
 1   9.35 -0.19  0.91200 -0.229 3.743  4.546  5.7   0.015 0.00 11.042 11.024 11.495 10.957 10.816 10.772 11.298  0.912
 1   9.35 -0.15  1.34722  0.699 3.824  4.110 10.2   0.037 0.00 13.224 13.211 13.396 13.164 13.146 13.191 13.279  1.346
 1   9.35 -0.11  1.59518  1.739 3.680  2.548 10.5   0.037 0.00 10.923 11.039 11.804 10.966 10.716 10.579 11.512  1.524
 1   9.35 -0.09  1.49090  0.888 3.802  3.876 10.1   0.037 0.00 12.651 12.622 12.878 12.569 12.518 12.540 12.735  1.488
 1   9.35 -0.03  1.57490  1.012 3.697  3.358  9.9   0.037 0.00 12.141 12.208 12.890 12.134 11.916 11.808 12.635  1.571
 1   9.35 -0.03  1.59368  1.800 3.658  2.417 11.4   0.038 0.00 11.670 11.868 12.756 11.798 11.500 11.326 12.472  1.587
 1   9.35  0.05  1.52334  0.874 3.791  3.857  9.7   0.036 0.00 12.285 12.244 12.545 12.185 12.120 12.132 12.385  1.521
 1   9.35  0.11  1.61552  1.814 3.649  2.374 11.0   0.038 0.00 11.235 11.466 12.422 11.397 11.078 10.887 12.143  1.609
 1   9.35  0.19  1.49990  0.797 3.791  3.926 10.8   0.038 0.00 13.578 13.528 13.843 13.466 13.400 13.415 13.678  1.498
 1   9.35  0.21  1.26716  0.436 3.793  4.221  9.3   0.035 0.00 12.979 12.929 13.242 12.865 12.802 12.819 13.080  1.266
 1   9.35  0.31  1.36271  0.593 3.797  4.114  9.7   0.036 0.00 12.987 12.927 13.229 12.864 12.808 12.833 13.069  1.361
 1   9.35  0.31  1.66298  1.782 3.659  2.444 11.1   0.038 0.00 11.415 11.600 12.533 11.523 11.226 11.053 12.248  1.604
 1   9.35  0.41  1.64520  1.703 3.662  2.530 10.7   0.038 0.00 11.212 11.382 12.311 11.301 11.011 10.844 12.029  1.583
 1   9.37 -0.29  1.25230  0.602 3.836  4.223 10.3   0.037 0.00 13.565 13.573 13.720 13.532 13.530 13.585 13.617  1.251
 1   9.37 -0.25  1.53882  1.764 3.687  2.531 11.1   0.038 0.00 11.460 11.561 12.280 11.491 11.251 11.124 11.990  1.461
 1   9.37 -0.17  0.98136 -0.071 3.762  4.494  8.6   0.033 0.00 13.547 13.531 13.938 13.468 13.352 13.327 13.751  0.981
 1   9.37 -0.17  1.38084  0.768 3.819  4.032  9.0   0.034 0.00 11.850 11.834 12.030 11.786 11.761 11.802 11.910  1.379
 1   9.37 -0.11  1.41166  0.788 3.812  3.995 10.7   0.038 0.00 13.501 13.479 13.701 13.430 13.394 13.427 13.571  1.410
 1   9.37 -0.07  1.58161  1.731 3.677  2.539 11.1   0.038 0.00 11.542 11.666 12.450 11.593 11.337 11.196 12.156  1.508
 1   9.37 -0.05  1.00360 -0.049 3.759  4.470  7.6   0.027 0.00 12.493 12.465 12.887 12.399 12.282 12.256 12.697  1.003
 1   9.37 -0.05  1.15450  0.279 3.794  4.344  8.4   0.032 0.00 12.474 12.442 12.734 12.385 12.321 12.335 12.581  1.154
 1   9.37 -0.05  1.16742  0.307 3.797  4.331  9.2   0.035 0.00 13.203 13.174 13.458 13.118 13.057 13.074 13.307  1.167
 1   9.37 -0.05  1.36639  0.691 3.812  4.077 10.8   0.038 0.00 13.843 13.818 14.044 13.767 13.731 13.765 13.912  1.365
 1   9.37 -0.03  1.24885  0.477 3.807  4.232  9.4   0.036 0.00 12.978 12.950 13.197 12.896 12.852 12.882 13.058  1.248
 1   9.37  0.03  1.52869  0.889 3.784  3.813 11.2   0.038 0.00 13.747 13.710 14.037 13.649 13.572 13.575 13.868  1.526
 1   9.37  0.05  1.16368  0.290 3.789  4.317  9.3   0.035 0.00 13.345 13.308 13.624 13.248 13.177 13.187 13.462  1.163
 1   9.37  0.05  1.42511  0.742 3.801  3.999 10.5   0.037 0.00 13.416 13.378 13.646 13.321 13.269 13.293 13.498  1.423
 1   9.37  0.11  1.22303  0.388 3.794  4.258  8.6   0.033 0.00 12.399 12.354 12.656 12.294 12.231 12.248 12.498  1.222
 1   9.37  0.11  1.18733  0.319 3.789  4.295  8.8   0.034 0.00 12.773 12.729 13.050 12.667 12.597 12.608 12.887  1.187
 1   9.37  0.11  1.31568  0.552 3.801  4.154  9.6   0.036 0.00 12.991 12.948 13.224 12.890 12.838 12.862 13.074  1.314
 1   9.37  0.13  1.53978  0.867 3.779  3.818 11.0   0.038 0.00 13.603 13.559 13.913 13.494 13.409 13.409 13.734  1.537
 1   9.37  0.17  1.84773  2.280 4.460  4.772 11.2   0.038 0.00 10.270 13.248 12.833 13.317 13.677 14.014 12.989  0.673
 1   9.37  0.45  1.03797 -0.036 3.752  4.443  7.8   0.028 0.00 12.659 12.605 13.098 12.524 12.401 12.375 12.897  1.038
 1   9.39 -0.47  1.40516  1.070 3.794  3.639  8.4   0.032 0.00 10.496 10.489 10.747 10.441 10.376 10.384 10.607  1.402
 1   9.39 -0.31  1.13435  0.391 3.821  4.333  9.6   0.036 0.00 13.394 13.398 13.592 13.353 13.325 13.364 13.475  1.134
 1   9.39 -0.23  1.41836  0.860 3.805  3.897  9.1   0.035 0.00 11.720 11.703 11.940 11.653 11.606 11.630 11.805  1.416
 1   9.39 -0.11  0.68380 -0.867 3.652  4.695  6.4   0.019 0.00 13.337 13.550 14.498 13.483 13.157 12.974 14.476  0.684
 1   9.39 -0.11  1.14095  0.271 3.797  4.358  9.5   0.036 0.00 13.592 13.569 13.850 13.514 13.452 13.468 13.701  1.140
 1   9.39 -0.05  1.17211  0.325 3.798  4.320  8.6   0.033 0.00 12.558 12.528 12.806 12.472 12.413 12.432 12.657  1.172
 1   9.39  0.03  1.14056  0.251 3.787  4.336  9.7   0.036 0.00 13.843 13.809 14.134 13.749 13.673 13.679 13.970  1.140
 1   9.39  0.05  1.14402  0.253 3.786  4.333  9.4   0.036 0.00 13.538 13.502 13.830 13.440 13.364 13.370 13.664  1.143
 1   9.39  0.09  1.24157  0.435 3.797  4.229  9.9   0.037 0.00 13.583 13.543 13.834 13.484 13.424 13.444 13.680  1.241
 1   9.39  0.11  0.97262 -0.167 3.740  4.499  5.0   0.012 0.00 10.188 10.154 10.659 10.080  9.938  9.895 10.460  0.972
 1   9.39  0.25  1.59742  1.706 3.661  2.505 11.6   0.038 0.00 12.105 12.285 13.199 12.209 11.916 11.746 12.917  1.527
 1   9.39  0.31  0.94757 -0.250 3.726  4.514  8.6   0.033 0.00 13.995 13.987 14.580 13.905 13.739 13.676 14.379  0.947
 1   9.41 -0.47  1.40310  0.940 3.721  3.475 11.1   0.038 0.00 13.520 13.559 14.099 13.497 13.314 13.233 13.862  1.400
 1   9.41 -0.41  1.46051  1.825 3.692  2.467 10.1   0.037 0.00 10.309 10.397 11.074 10.331 10.100  9.980 10.788  1.374
 1   9.41 -0.35  1.39707  1.013 3.786  3.658  9.7   0.036 0.00 11.937 11.926 12.222 11.873 11.794 11.793 12.066  1.394
 1   9.41 -0.27  1.31648  0.721 3.824  4.078 10.8   0.038 0.00 13.768 13.765 13.946 13.721 13.701 13.744 13.832  1.315
 1   9.41 -0.25  1.26360  0.614 3.828  4.183 10.1   0.037 0.00 13.335 13.335 13.506 13.291 13.277 13.324 13.395  1.262
 1   9.41 -0.23  1.23627  0.552 3.826  4.229  9.6   0.036 0.00 12.989 12.987 13.164 12.942 12.925 12.971 13.051  1.235
 1   9.41 -0.21  1.24481  0.558 3.825  4.222  8.6   0.033 0.00 11.974 11.966 12.145 11.920 11.902 11.949 12.031  1.244
 1   9.41 -0.11  1.26180  0.544 3.815  4.201  8.4   0.032 0.00 11.810 11.788 12.003 11.738 11.706 11.743 11.876  1.261
 1   9.41 -0.07  1.10409  0.186 3.786  4.383  9.6   0.036 0.00 13.904 13.878 14.202 13.819 13.741 13.744 14.038  1.104
 1   9.41 -0.05  1.31525  0.617 3.808  4.116  8.6   0.033 0.00 11.827 11.796 12.037 11.744 11.702 11.732 11.900  1.314
 1   9.41 -0.03  1.16815  0.323 3.796  4.311  8.4   0.032 0.00 12.364 12.330 12.617 12.273 12.212 12.229 12.465  1.168
 1   9.41 -0.03  1.53263  2.040 3.641  2.090  9.7   0.036 0.00  9.369  9.643 10.633  9.581  9.241  9.032 10.344  1.524
 1   9.41 -0.01  1.30615  0.586 3.805  4.132  6.9   0.023 0.00 10.206 10.163 10.413 10.109 10.064 10.093 10.272  1.305
 1   9.41  0.11  1.30412  0.541 3.796  4.144  9.8   0.037 0.00 13.218 13.176 13.467 13.117 13.058 13.077 13.312  1.303
 1   9.41  0.17  1.56688  1.712 3.660  2.486  9.7   0.036 0.00 10.191 10.376 11.281 10.301 10.007  9.836 11.000  1.491
 1   9.41  0.25  1.44275  0.718 3.782  3.953  9.4   0.036 0.00 12.375 12.321 12.672 12.254 12.176 12.182 12.496  1.441
 1   9.43 -0.43  0.96086  0.002 3.781  4.490  8.9   0.034 0.00 13.664 13.664 13.987 13.610 13.520 13.513 13.825  0.961
 1   9.43 -0.37  0.62837 -0.944 3.652  4.734  6.4   0.019 0.00 13.529 13.740 14.664 13.676 13.350 13.168 14.626  0.628
 1   9.43 -0.37  1.39839  1.176 3.701  3.157  9.4   0.036 0.00 11.229 11.297 11.931 11.231 11.015 10.909 11.669  1.395
 1   9.43 -0.29  1.34622  0.787 3.810  3.964 10.3   0.037 0.00 13.103 13.095 13.319 13.047 13.005 13.032 13.190  1.344
 1   9.43 -0.27  0.77082 -0.560 3.701  4.633  7.8   0.028 0.00 13.969 14.030 14.683 13.959 13.744 13.640 14.503  0.771
 1   9.43 -0.17  1.10557  0.227 3.795  4.382  7.6   0.027 0.00 11.802 11.777 12.059 11.722 11.658 11.673 11.910  1.105
 1   9.43 -0.17  1.41629  0.849 3.795  3.865  9.6   0.036 0.00 12.247 12.224 12.500 12.171 12.108 12.121 12.351  1.414
 1   9.43 -0.13  1.27426  0.581 3.814  4.164 10.1   0.037 0.00 13.417 13.400 13.619 13.350 13.316 13.351 13.490  1.273
 1   9.43 -0.11  1.23354  0.495 3.813  4.231  8.9   0.034 0.00 12.433 12.412 12.638 12.362 12.325 12.359 12.507  1.233
 1   9.43 -0.03  1.25977  0.514 3.804  4.185  9.3   0.035 0.00 12.784 12.754 13.011 12.700 12.651 12.676 12.868  1.259
 1   9.43 -0.03  1.24134  0.481 3.804  4.213  9.6   0.036 0.00 13.167 13.138 13.395 13.084 13.035 13.061 13.253  1.240
 1   9.43  0.03  1.04721  0.042 3.767  4.429  8.8   0.034 0.00 13.466 13.435 13.834 13.368 13.263 13.247 13.649  1.047
 1   9.43  0.03  1.18925  0.365 3.794  4.269  9.9   0.037 0.00 13.756 13.722 14.019 13.664 13.599 13.614 13.863  1.188
 1   9.43  0.05  1.35041  0.638 3.795  4.058 10.7   0.038 0.00 13.876 13.839 14.128 13.780 13.720 13.737 13.973  1.349
 1   9.43  0.09  1.45729  0.777 3.778  3.881  7.8   0.028 0.00 10.628 10.580 10.931 10.516 10.431 10.430 10.754  1.455
 1   9.43  0.11  1.31057  0.554 3.794  4.122  9.2   0.035 0.00 12.584 12.540 12.840 12.480 12.418 12.435 12.681  1.309
 1   9.43  0.11  1.25401  0.460 3.794  4.196 10.3   0.037 0.00 13.919 13.878 14.180 13.817 13.754 13.770 14.021  1.253
 1   9.43  0.13  1.42840  0.721 3.782  3.943  9.8   0.037 0.00 12.766 12.722 13.067 12.658 12.578 12.581 12.893  1.426
 1   9.43  0.21  1.36594  0.610 3.786  4.053  9.3   0.035 0.00 12.546 12.495 12.831 12.430 12.357 12.367 12.660  1.364
 1   9.43  0.27  0.68397 -0.932 3.636  4.694  6.3   0.019 0.00 13.399 13.706 14.796 13.665 13.255 13.016 14.798  0.684
 1   9.43  0.29  1.57096  2.663 5.087  6.836  8.7   0.033 0.00  6.812 13.851 13.376 13.938 14.334 14.697 13.582  0.588
 1   9.43  0.29  1.10894  0.140 3.769  4.365  9.0   0.034 0.00 13.420 13.369 13.780 13.297 13.197 13.189 13.592  1.108
 1   9.43  0.37  1.19294  0.318 3.783  4.273 10.0   0.037 0.00 13.975 13.915 14.279 13.845 13.767 13.776 14.102  1.192
 1   9.45 -0.33  1.43416  1.780 3.689  2.490 12.0   0.038 0.00 12.321 12.416 13.114 12.348 12.112 11.988 12.826  1.341
 1   9.45 -0.31  1.42580  2.388 3.633  1.675 11.0   0.038 0.00  9.799 10.115 11.129 10.062  9.700  9.475 10.812  1.411
 1   9.45 -0.29  1.02694  0.112 3.789  4.441  9.3   0.035 0.00 13.789 13.781 14.082 13.726 13.650 13.655 13.928  1.027
 1   9.45 -0.29  1.36222  0.874 3.812  3.891 11.2   0.038 0.00 13.786 13.778 13.992 13.730 13.693 13.722 13.866  1.360
 1   9.45 -0.19  1.13315  0.323 3.805  4.337  9.0   0.034 0.00 12.964 12.949 13.198 12.897 12.847 12.872 13.060  1.132
 1   9.45 -0.19  1.12343  0.296 3.803  4.351  9.8   0.037 0.00 13.831 13.818 14.075 13.765 13.711 13.732 13.935  1.123
 1   9.45 -0.13  1.40070  0.808 3.792  3.888 10.3   0.037 0.00 13.051 13.026 13.317 12.971 12.903 12.912 13.162  1.398
 1   9.45 -0.05  1.06995  0.123 3.778  4.400  8.6   0.033 0.00 13.062 13.031 13.384 12.969 12.880 12.875 13.210  1.069
 1   9.45 -0.01  1.45147  0.823 3.737  3.669  7.2   0.025 0.00  9.913  9.899 10.404  9.828  9.679  9.627 10.182  1.448
 1   9.45 -0.01  1.49703  2.293 3.621  1.748 11.9   0.038 0.00 10.938 11.319 12.446 11.272 10.872 10.617 12.157  1.485
 1   9.45  0.01  1.47299  0.948 3.692  3.372  9.3   0.035 0.00 11.700 11.781 12.492 11.707 11.479 11.362 12.244  1.470
 1   9.45  0.05  1.28714  0.541 3.796  4.136  8.9   0.034 0.00 12.317 12.278 12.566 12.220 12.160 12.178 12.412  1.286
 1   9.45  0.05  1.45025  0.856 3.788  3.841  9.3   0.035 0.00 11.931 11.890 12.202 11.830 11.760 11.769 12.038  1.447
 1   9.45  0.07  1.40252  0.707 3.783  3.954 10.3   0.037 0.00 13.303 13.264 13.600 13.202 13.122 13.125 13.429  1.400
 1   9.45  0.09  0.92511 -0.271 3.727  4.531  8.1   0.030 0.00 13.548 13.546 14.109 13.470 13.305 13.242 13.907  0.925
 1   9.45  0.13  1.42226  0.713 3.777  3.931 10.5   0.037 0.00 13.487 13.444 13.806 13.379 13.291 13.289 13.626  1.420
 1   9.45  0.17  1.90167  2.096 4.290  4.356  9.5   0.036 0.00  9.030 11.019 10.652 11.072 11.393 11.685 10.785  0.809
 1   9.47 -0.55  1.31608  0.989 3.798  3.707 11.2   0.038 0.00 13.497 13.503 13.747 13.456 13.395 13.405 13.613  1.313
 1   9.47 -0.39  1.09469  0.358 3.812  4.315  7.6   0.027 0.00 11.475 11.474 11.690 11.427 11.386 11.417 11.565  1.094
 1   9.47 -0.39  1.16862  0.529 3.822  4.212 10.5   0.037 0.00 13.948 13.959 14.144 13.915 13.889 13.928 14.030  1.167
 1   9.47 -0.35  1.27893  0.720 3.817  4.038  9.9   0.037 0.00 12.870 12.871 13.070 12.826 12.794 12.828 12.951  1.277
 1   9.47 -0.31  1.42792  3.095 3.579  0.729 12.0   0.038 0.00  9.034  9.746 11.236  9.777  9.175  8.787 10.911  1.333
 1   9.47 -0.27  1.00535  0.045 3.780  4.462  7.7   0.028 0.00 12.356 12.339 12.670 12.281 12.193 12.189 12.505  1.005
 1   9.47 -0.25  0.54061 -1.215 3.620  4.813  4.2   0.009 0.00 12.007 12.335 13.483 12.301 11.863 11.606 13.478  0.541
 1   9.47 -0.19  1.23726  0.552 3.817  4.191  9.4   0.036 0.00 12.790 12.779 12.987 12.730 12.699 12.736 12.863  1.236
 1   9.47 -0.13  1.42922  1.069 3.692  3.239 10.5   0.037 0.00 12.598 12.683 13.380 12.612 12.383 12.265 13.123  1.426
 1   9.47 -0.11  1.44674  1.512 3.672  2.720 12.0   0.038 0.00 12.991 13.135 13.937 13.064 12.797 12.647 13.658  1.442
 1   9.47  0.01  1.41260  0.774 3.783  3.889 11.1   0.038 0.00 13.934 13.900 14.230 13.839 13.759 13.761 14.060  1.410
 1   9.47  0.07  1.04716  0.041 3.764  4.420  9.2   0.035 0.00 13.866 13.835 14.246 13.767 13.658 13.640 14.058  1.047
 1   9.47  0.07  1.20423  0.393 3.791  4.236 10.3   0.037 0.00 14.087 14.049 14.359 13.989 13.922 13.934 14.198  1.203
 1   9.47  0.09  1.04496  0.031 3.763  4.422  9.2   0.035 0.00 13.893 13.861 14.282 13.792 13.681 13.661 14.092  1.045
 1   9.47  0.13  1.19900  0.363 3.787  4.247  9.9   0.037 0.00 13.763 13.721 14.051 13.658 13.584 13.593 13.884  1.198
 1   9.47  0.15  1.12650  0.207 3.776  4.332  8.4   0.032 0.00 12.651 12.605 12.975 12.538 12.448 12.446 12.796  1.126
 1   9.49 -0.49  0.82901 -0.310 3.744  4.589  7.9   0.029 0.00 13.445 13.452 13.907 13.391 13.245 13.195 13.710  0.829
 1   9.49 -0.47  1.19684  0.614 3.830  4.168  9.0   0.034 0.00 12.236 12.253 12.411 12.213 12.199 12.246 12.307  1.195
 1   9.49 -0.43  1.05187  0.253 3.806  4.378  8.6   0.033 0.00 12.737 12.743 12.981 12.695 12.642 12.664 12.849  1.051
 1   9.49 -0.31  1.38330  1.898 3.662  2.273 10.6   0.038 0.00 10.625 10.809 11.646 10.744 10.454 10.286 11.347  1.375
 1   9.49 -0.29  1.32663  0.819 3.808  3.918 10.9   0.038 0.00 13.622 13.613 13.842 13.565 13.520 13.545 13.711  1.324
 1   9.49 -0.27  1.40221  3.345 3.549  0.353 15.5   0.038 0.00 11.907 13.212 15.120 13.593 12.438 11.781 14.610  1.306
 1   9.49 -0.25  0.94383 -0.109 3.761  4.509  9.0   0.034 0.00 14.041 14.032 14.440 13.970 13.851 13.823 14.253  0.944
 1   9.49 -0.25  1.22414  0.566 3.820  4.184  9.4   0.036 0.00 12.756 12.751 12.948 12.704 12.677 12.716 12.829  1.223
 1   9.49 -0.19  0.81587 -0.460 3.712  4.605  8.1   0.030 0.00 14.021 14.059 14.666 13.987 13.792 13.705 14.476  0.816
 1   9.49 -0.15  1.21828  0.502 3.812  4.216  8.9   0.034 0.00 12.416 12.399 12.624 12.348 12.310 12.343 12.494  1.217
 1   9.49 -0.13  1.26570  0.584 3.808  4.132 10.2   0.037 0.00 13.509 13.490 13.730 13.438 13.394 13.421 13.594  1.264
 1   9.49 -0.07  1.20696  0.444 3.804  4.236 10.4   0.037 0.00 14.061 14.037 14.295 13.983 13.932 13.956 14.152  1.206
 1   9.49 -0.03  1.37213  0.719 3.783  3.934  7.5   0.026 0.00 10.472 10.431 10.754 10.372 10.294 10.297 10.587  1.370
 1   9.49 -0.03  1.29895  0.596 3.794  4.075  9.3   0.035 0.00 12.581 12.549 12.840 12.492 12.427 12.441 12.685  1.297
 1   9.49 -0.01  1.27465  0.549 3.795  4.119  9.5   0.036 0.00 12.899 12.866 13.154 12.809 12.746 12.762 13.000  1.273
 1   9.49  0.05  0.84604 -0.463 3.701  4.578  8.0   0.029 0.00 13.928 13.981 14.660 13.903 13.691 13.591 14.489  0.846
 1   9.49  0.09  1.05999  0.073 3.766  4.402  8.7   0.033 0.00 13.288 13.252 13.656 13.184 13.079 13.064 13.470  1.060
 1   9.49  0.11  1.49261  3.569 3.491 -0.076 11.2   0.038 0.00  7.047 10.128 13.417 11.546  9.291  7.654 12.765  1.404
 1   9.49  0.19  1.30853  0.531 3.780  4.091  9.7   0.036 0.00 13.144 13.096 13.452 13.030 12.947 12.950 13.275  1.307
 1   9.49  0.29  1.46797  1.456 3.658  2.725 10.1   0.037 0.00 11.231 11.424 12.357 11.350 11.047 10.872 12.101  1.464
 1   9.51 -0.57  1.31667  1.227 3.707  3.103 11.0   0.038 0.00 12.702 12.769 13.364 12.708 12.499 12.397 13.107  1.313
 1   9.51 -0.23  0.84579 -0.357 3.729  4.583  7.5   0.026 0.00 13.164 13.172 13.703 13.103 12.936 12.872 13.501  0.846
 1   9.51 -0.23  1.12138  0.351 3.808  4.316  9.1   0.035 0.00 12.992 12.982 13.219 12.932 12.886 12.913 13.086  1.121
 1   9.51 -0.23  1.32995  0.870 3.800  3.836 10.9   0.038 0.00 13.495 13.478 13.734 13.426 13.370 13.387 13.593  1.327
 1   9.51 -0.19  1.33196  0.855 3.805  3.873  9.8   0.037 0.00 12.432 12.413 12.652 12.362 12.315 12.339 12.516  1.329
 1   9.51 -0.13  1.26970  0.595 3.802  4.100 10.7   0.038 0.00 13.982 13.961 14.219 13.908 13.855 13.876 14.076  1.268
 1   9.51 -0.07  1.05873  0.116 3.777  4.401  9.3   0.035 0.00 13.779 13.752 14.106 13.691 13.600 13.594 13.932  1.058
 1   9.51  0.01  1.11863  0.245 3.784  4.324  9.5   0.036 0.00 13.657 13.624 13.955 13.563 13.484 13.488 13.788  1.118
 1   9.51  0.03  1.23113  0.466 3.792  4.174  7.7   0.028 0.00 11.304 11.261 11.562 11.202 11.136 11.151 11.404  1.230
 1   9.51  0.07  1.43851  1.613 3.656  2.553  9.5   0.036 0.00 10.238 10.440 11.348 10.369 10.067  9.889 11.078  1.433
 1   9.51  0.09  1.08441  0.138 3.772  4.369  9.3   0.035 0.00 13.726 13.689 14.072 13.622 13.525 13.516 13.890  1.084
 1   9.51  0.11  1.29523  0.540 3.782  4.085 10.2   0.037 0.00 13.620 13.579 13.922 13.515 13.435 13.438 13.749  1.294
 1   9.51  0.15  1.34312  0.597 3.774  4.010 10.1   0.037 0.00 13.378 13.336 13.712 13.269 13.176 13.170 13.528  1.341
 1   9.51  0.21  1.44992  1.523 3.654  2.637  9.4   0.036 0.00 10.363 10.573 11.515 10.501 10.190 10.008 11.256  1.445
 1   9.53 -0.35  1.35192  1.779 3.688  2.455 12.1   0.038 0.00 12.423 12.521 13.224 12.454 12.216 12.090 12.934  1.248
 1   9.53 -0.27  0.99665  0.038 3.779  4.459  8.1   0.030 0.00 12.775 12.759 13.097 12.701 12.610 12.604 12.930  0.996
 1   9.53 -0.27  1.34907  1.234 3.691  3.041 12.1   0.038 0.00 13.785 13.879 14.573 13.812 13.577 13.456 14.306  1.345
 1   9.53 -0.21  1.33338  0.769 3.739  3.695 10.5   0.037 0.00 13.349 13.355 13.842 13.289 13.137 13.082 13.623  1.330
 1   9.53 -0.19  1.24730  0.590 3.806  4.114 10.2   0.037 0.00 13.494 13.479 13.722 13.428 13.381 13.406 13.585  1.246
 1   9.53 -0.17  1.35939  0.914 3.698  3.394  9.8   0.037 0.00 12.285 12.356 13.023 12.285 12.066 11.957 12.769  1.356
 1   9.53 -0.13  0.90030 -0.251 3.738  4.541  8.6   0.033 0.00 13.998 13.997 14.499 13.928 13.776 13.723 14.298  0.900
 1   9.53 -0.07  1.12215  0.265 3.791  4.331  8.1   0.030 0.00 12.207 12.175 12.477 12.117 12.048 12.059 12.321  1.121
 1   9.53 -0.07  1.24401  0.528 3.798  4.143  9.1   0.035 0.00 12.549 12.520 12.794 12.465 12.407 12.426 12.645  1.243
 1   9.53 -0.07  1.35065  0.786 3.753  3.738 10.4   0.037 0.00 13.205 13.189 13.630 13.122 12.995 12.959 13.423  1.348
 1   9.53 -0.05  1.29826  0.609 3.786  4.031  7.3   0.025 0.00 10.547 10.508 10.821 10.449 10.375 10.381 10.658  1.296
 1   9.53  0.01  1.40553  1.293 3.674  2.933 11.4   0.038 0.00 12.937 13.073 13.874 12.999 12.736 12.591 13.608  1.402
 1   9.53  0.09  1.43804  1.702 3.664  2.465  8.9   0.034 0.00  9.416  9.583 10.456  9.510  9.226  9.063 10.169  1.340
 1   9.53  0.19  1.42030  1.129 3.671  3.092 10.6   0.038 0.00 12.548 12.690 13.529 12.613 12.343 12.194 13.282  1.417
 1   9.55 -0.43  1.30010  1.458 3.688  2.792 10.7   0.038 0.00 11.825 11.928 12.619 11.864 11.624 11.497 12.341  1.295
 1   9.55 -0.35  1.11103  0.425 3.819  4.279  7.9   0.029 0.00 11.608 11.607 11.804 11.561 11.531 11.569 11.685  1.110
 1   9.55 -0.27  1.20917  0.570 3.813  4.149 10.3   0.037 0.00 13.645 13.640 13.858 13.593 13.554 13.586 13.731  1.208
 1   9.55 -0.13  0.98506 -0.036 3.763  4.466  9.2   0.035 0.00 14.060 14.043 14.447 13.979 13.866 13.843 14.261  0.985
 1   9.55 -0.13  1.13686  0.331 3.799  4.304 10.1   0.037 0.00 14.042 14.022 14.295 13.968 13.908 13.926 14.148  1.136
 1   9.55 -0.13  1.30758  0.797 3.795  3.884 10.7   0.038 0.00 13.477 13.452 13.729 13.398 13.336 13.350 13.579  1.305
 1   9.55 -0.09  1.08851  0.199 3.786  4.365  8.8   0.034 0.00 13.074 13.047 13.368 12.988 12.910 12.914 13.205  1.088
 1   9.55 -0.09  1.07593  0.170 3.783  4.377  9.0   0.034 0.00 13.344 13.318 13.649 13.258 13.176 13.177 13.483  1.075
 1   9.55 -0.09  1.12213  0.271 3.792  4.331  9.9   0.037 0.00 13.993 13.970 14.269 13.913 13.843 13.854 14.113  1.121
 1   9.55 -0.05  0.98884 -0.044 3.759  4.458  8.3   0.031 0.00 13.181 13.157 13.581 13.091 12.972 12.946 13.390  0.988
 1   9.55 -0.05  1.29832  0.629 3.784  4.004 10.5   0.037 0.00 13.698 13.669 13.993 13.610 13.531 13.533 13.826  1.296
 1   9.55 -0.03  1.38898  1.640 3.659  2.520 11.1   0.038 0.00 11.769 11.964 12.846 11.895 11.599 11.426 12.569  1.383
 1   9.55 -0.01  0.85097 -0.421 3.710  4.577  8.0   0.029 0.00 13.823 13.858 14.486 13.782 13.587 13.499 14.302  0.851
 1   9.55 -0.01  1.09548  0.236 3.783  4.318  8.9   0.034 0.00 13.081 13.048 13.382 12.987 12.906 12.907 13.214  1.095
 1   9.55 -0.01  1.29259  0.589 3.781  4.029  9.7   0.036 0.00 12.998 12.965 13.303 12.904 12.821 12.820 13.131  1.291
 1   9.55  0.03  0.95290 -0.166 3.743  4.499  7.9   0.029 0.00 13.085 13.068 13.560 12.996 12.854 12.810 13.360  0.953
 1   9.55  0.07  0.93332 -0.227 3.733  4.515  8.6   0.033 0.00 13.938 13.933 14.469 13.859 13.702 13.646 14.267  0.933
 1   9.55  0.09  1.40265  1.586 3.655  2.564 10.7   0.038 0.00 11.504 11.711 12.629 11.641 11.335 11.156 12.360  1.397
 1   9.55  0.11  1.11915  0.230 3.777  4.313  8.9   0.034 0.00 13.096 13.054 13.417 12.988 12.900 12.898 13.240  1.118
 1   9.55  0.11  1.20551  0.402 3.783  4.194 10.1   0.037 0.00 13.866 13.826 14.169 13.762 13.682 13.686 13.997  1.204
 1   9.55  0.13  1.42987  1.835 3.652  2.281  9.0   0.034 0.00  9.183  9.397 10.342  9.326  9.015  8.830 10.052  1.330
 1   9.55  0.29  1.41907  2.289 3.605  1.664 10.8   0.038 0.00  9.848 10.355 11.666 10.345  9.844  9.523 11.381  1.406
 1   9.57 -0.43  0.90670 -0.104 3.768  4.518  8.6   0.033 0.00 13.631 13.630 13.999 13.572 13.463 13.441 13.822  0.906
 1   9.57 -0.43  1.28426  1.534 3.684  2.695  9.4   0.036 0.00 10.336 10.448 11.158 10.384 10.137 10.005 10.875  1.279
 1   9.57 -0.43  1.29045  1.964 3.663  2.178 12.6   0.038 0.00 12.460 12.643 13.467 12.582 12.291 12.123 13.161  1.281
 1   9.57 -0.41  1.13228  0.500 3.814  4.194 10.2   0.037 0.00 13.720 13.729 13.939 13.683 13.644 13.674 13.817  1.131
 1   9.57 -0.41  1.19201  0.722 3.824  4.035 10.9   0.038 0.00 13.866 13.875 14.050 13.833 13.812 13.852 13.939  1.190
 1   9.57 -0.31  1.19557  0.575 3.812  4.134 10.7   0.038 0.00 14.032 14.030 14.249 13.982 13.942 13.971 14.122  1.194
 1   9.57 -0.27  1.30742  0.911 3.702  3.395  8.4   0.032 0.00 10.893 10.954 11.593 10.885 10.673 10.568 11.339  1.304
 1   9.57 -0.25  0.89961 -0.201 3.749  4.534  8.7   0.033 0.00 13.972 13.966 14.417 13.901 13.765 13.724 14.220  0.899
 1   9.57 -0.23  1.13889  0.407 3.809  4.270  8.9   0.034 0.00 12.654 12.643 12.876 12.593 12.549 12.577 12.744  1.138
 1   9.57 -0.19  1.35300  1.723 3.678  2.470  9.5   0.036 0.00  9.963 10.085 10.850 10.014  9.759  9.620 10.554  1.247
 1   9.57 -0.15  1.29914  0.796 3.778  3.813 10.3   0.037 0.00 13.081 13.058 13.396 12.999 12.910 12.903 13.224  1.297
 1   9.57 -0.13  0.90626 -0.228 3.741  4.532  8.0   0.029 0.00 13.341 13.335 13.825 13.266 13.119 13.070 13.625  0.906
 1   9.57 -0.13  1.35304  1.581 3.667  2.599 10.5   0.037 0.00 11.317 11.482 12.311 11.413 11.134 10.974 12.030  1.348
 1   9.57 -0.11  1.33757  0.905 3.693  3.378 11.2   0.038 0.00 13.707 13.789 14.483 13.718 13.491 13.375 14.232  1.334
 1   9.57 -0.09  0.75264 -0.667 3.678  4.640  6.1   0.018 0.00 12.537 12.651 13.437 12.576 12.317 12.182 13.332  0.753
 1   9.57 -0.07  1.38462  1.780 3.668  2.383 12.2   0.038 0.00 12.519 12.675 13.507 12.603 12.329 12.173 13.210  1.280
 1   9.57 -0.05  1.07707  0.185 3.781  4.357  9.3   0.035 0.00 13.608 13.580 13.919 13.519 13.435 13.434 13.750  1.076
 1   9.57 -0.03  1.19276  0.427 3.792  4.200  8.8   0.034 0.00 12.502 12.470 12.769 12.412 12.344 12.357 12.612  1.192
 1   9.57  0.07  1.15492  0.330 3.784  4.252  9.4   0.036 0.00 13.346 13.307 13.643 13.245 13.167 13.171 13.474  1.154
 1   9.57  0.11  1.07502  0.131 3.769  4.362  8.1   0.030 0.00 12.543 12.501 12.894 12.433 12.334 12.323 12.710  1.074
 1   9.57  0.21  1.40933  1.696 3.657  2.432 11.0   0.038 0.00 11.530 11.726 12.655 11.652 11.350 11.174 12.372  1.306
 1   9.57  0.29  1.32641  0.713 3.767  3.859 10.7   0.038 0.00 13.686 13.637 14.054 13.565 13.463 13.451 13.858  1.324
 1   9.57  0.31  1.02384 -0.022 3.751  4.422  7.2   0.025 0.00 12.025 11.977 12.458 11.900 11.775 11.747 12.257  1.023
 1   9.59 -0.45  1.25142  0.923 3.709  3.394 10.5   0.037 0.00 12.962 13.021 13.614 12.957 12.754 12.657 13.365  1.248
 1   9.59 -0.37  0.77402 -0.490 3.715  4.621  6.3   0.019 0.00 12.294 12.324 12.903 12.256 12.066 11.982 12.707  0.774
 1   9.59 -0.37  1.28217  2.245 3.641  1.807 11.0   0.038 0.00 10.159 10.433 11.386 10.376 10.037  9.829 11.070  1.268
 1   9.59 -0.35  1.24711  0.827 3.782  3.782  9.6   0.036 0.00 12.303 12.294 12.605 12.240 12.155 12.151 12.444  1.244
 1   9.59 -0.35  1.27441  1.098 3.697  3.179 10.9   0.038 0.00 12.924 13.003 13.657 12.936 12.714 12.601 13.394  1.271
 1   9.59 -0.33  1.23385  0.734 3.809  3.976 11.0   0.038 0.00 13.934 13.930 14.155 13.883 13.839 13.865 14.026  1.231
 1   9.59 -0.31  1.15302  0.497 3.814  4.205  8.7   0.033 0.00 12.229 12.225 12.438 12.178 12.141 12.173 12.313  1.152
 1   9.59 -0.27  1.14086  0.445 3.813  4.248  8.4   0.032 0.00 12.058 12.050 12.268 12.002 11.964 11.996 12.142  1.140
 1   9.59 -0.23  1.32696  1.733 3.678  2.450  8.9   0.034 0.00  9.338  9.458 10.219  9.388  9.134  8.995  9.922  1.218
 1   9.59 -0.21  1.10326  0.320 3.802  4.313  7.6   0.027 0.00 11.570 11.549 11.806 11.496 11.441 11.463 11.666  1.102
 1   9.59 -0.19  1.24082  0.594 3.792  4.051 10.1   0.037 0.00 13.384 13.366 13.656 13.312 13.243 13.252 13.502  1.239
 1   9.59 -0.15  1.33266  1.596 3.666  2.576 10.8   0.038 0.00 11.579 11.746 12.574 11.677 11.397 11.237 12.292  1.327
 1   9.59 -0.13  0.94538 -0.123 3.753  4.494  8.7   0.033 0.00 13.779 13.764 14.206 13.698 13.569 13.534 14.011  0.945
 1   9.59 -0.11  1.33114  1.177 3.683  3.062 11.3   0.038 0.00 13.129 13.240 13.985 13.169 12.922 12.790 13.722  1.327
 1   9.59 -0.09  1.31010  0.669 3.708  3.665  9.2   0.035 0.00 12.297 12.342 12.968 12.270 12.071 11.978 12.729  1.307
 1   9.59 -0.07  0.78115 -0.589 3.688  4.620  7.3   0.025 0.00 13.543 13.632 14.365 13.557 13.319 13.199 14.228  0.781
 1   9.59 -0.07  1.03107  0.078 3.772  4.407  9.5   0.036 0.00 14.074 14.049 14.421 13.986 13.887 13.876 14.242  1.031
 1   9.59 -0.05  1.27696  0.722 3.792  3.933  7.7   0.028 0.00 10.664 10.626 10.918 10.569 10.503 10.516 10.761  1.275
 1   9.59  0.01  0.95769 -0.139 3.746  4.489  8.9   0.034 0.00 14.017 14.000 14.477 13.930 13.793 13.752 14.277  0.957
 1   9.59  0.01  1.20853  0.449 3.783  4.148  9.2   0.035 0.00 12.847 12.812 13.145 12.751 12.671 12.673 12.976  1.207
 1   9.59  0.01  1.26235  0.565 3.781  4.042  9.7   0.036 0.00 13.057 13.023 13.363 12.962 12.879 12.878 13.191  1.260
 1   9.59  0.05  1.11898  0.264 3.781  4.293  7.7   0.028 0.00 11.809 11.766 12.108 11.703 11.621 11.624 11.937  1.118
 1   9.59  0.07  1.22497  0.454 3.778  4.129  9.5   0.036 0.00 13.135 13.097 13.453 13.033 12.945 12.943 13.276  1.223
 1   9.59  0.07  1.30002  0.710 3.761  3.832  9.7   0.036 0.00 12.695 12.664 13.082 12.597 12.484 12.462 12.884  1.298
 1   9.59  0.13  1.09538  0.181 3.772  4.330  9.2   0.035 0.00 13.518 13.477 13.863 13.410 13.313 13.305 13.680  1.095
 1   9.59  0.13  1.22058  0.425 3.775  4.145  9.5   0.036 0.00 13.207 13.165 13.537 13.099 13.008 13.003 13.355  1.219
 1   9.59  0.15  1.87691  0.526 4.193  5.533  7.4   0.026 0.00 10.854 12.265 11.938 12.308 12.602 12.871 12.042  0.804
 1   9.59  0.15  0.97143 -0.139 3.740  4.472  8.7   0.033 0.00 13.818 13.800 14.315 13.725 13.580 13.534 14.113  0.971
 1   9.59  0.19  1.05810  0.073 3.760  4.377  7.1   0.024 0.00 11.687 11.639 12.073 11.567 11.456 11.437 11.880  1.058
 1   9.61 -0.39  1.26663  1.799 3.688  2.400 12.1   0.038 0.00 12.373 12.473 13.174 12.406 12.167 12.040 12.882  1.155
 1   9.61 -0.35  1.20992  0.677 3.801  3.993 10.8   0.038 0.00 13.878 13.874 14.125 13.824 13.767 13.783 13.987  1.208
 1   9.61 -0.27  1.29758  1.957 3.653  2.149 11.3   0.038 0.00 11.178 11.397 12.286 11.333 11.024 10.840 11.983  1.288
 1   9.61 -0.21  1.06056  0.199 3.791  4.374  8.8   0.034 0.00 13.072 13.055 13.353 13.000 12.928 12.936 13.198  1.060
 1   9.61 -0.17  1.03870  0.119 3.781  4.406  9.5   0.036 0.00 13.973 13.954 14.289 13.895 13.808 13.805 14.122  1.038
 1   9.61 -0.09  1.01579  0.050 3.770  4.421  8.8   0.034 0.00 13.445 13.420 13.799 13.357 13.255 13.241 13.619  1.015
 1   9.61 -0.09  1.22284  0.516 3.787  4.104 10.1   0.037 0.00 13.581 13.556 13.867 13.498 13.423 13.428 13.706  1.221
 1   9.61 -0.07  1.33786  1.709 3.669  2.438 12.5   0.038 0.00 12.998 13.153 13.981 13.081 12.807 12.652 13.688  1.227
 1   9.61  0.01  0.70975 -0.818 3.653  4.665  6.8   0.022 0.00 13.616 13.831 14.787 13.762 13.436 13.254 14.769  0.710
 1   9.61  0.03  0.99463 -0.042 3.756  4.449  8.2   0.031 0.00 13.074 13.046 13.483 12.977 12.856 12.829 13.290  0.994
 1   9.61  0.07  1.29656  0.612 3.726  3.787 10.1   0.037 0.00 13.341 13.347 13.912 13.272 13.104 13.036 13.680  1.294
 1   9.61  0.17  1.11533  0.224 3.772  4.296  7.5   0.026 0.00 11.711 11.659 12.045 11.591 11.497 11.491 11.862  1.114
 1   9.61  0.27  1.25507  0.477 3.767  4.074 10.5   0.037 0.00 14.079 14.032 14.447 13.960 13.858 13.847 14.254  1.253
 1   9.63 -0.51  0.73921 -0.542 3.710  4.636  5.1   0.012 0.00 11.225 11.261 11.846 11.195 10.997 10.908 11.650  0.739
 1   9.63 -0.35  1.25314  1.666 3.672  2.503 11.9   0.038 0.00 12.504 12.651 13.428 12.586 12.317 12.166 13.134  1.247
 1   9.63 -0.29  1.26722  1.244 3.688  2.993 12.3   0.038 0.00 13.960 14.063 14.767 13.995 13.756 13.629 14.498  1.263
 1   9.63 -0.15  1.30552  1.746 3.658  2.383 12.2   0.038 0.00 12.606 12.806 13.682 12.739 12.440 12.265 13.394  1.298
 1   9.63 -0.15  1.31184  1.713 3.674  2.447 12.8   0.038 0.00 13.288 13.422 14.213 13.351 13.089 12.943 13.914  1.200
 1   9.63 -0.13  1.18429  0.468 3.795  4.167 10.1   0.037 0.00 13.699 13.677 13.963 13.622 13.557 13.570 13.811  1.183
 1   9.63 -0.01  1.25896  0.683 3.768  3.871  8.3   0.031 0.00 11.362 11.328 11.711 11.264 11.162 11.147 11.524  1.257
 1   9.63  0.07  1.34428  1.731 3.661  2.387 10.3   0.037 0.00 10.743 10.927 11.816 10.854 10.563 10.393 11.526  1.233
 1   9.63  0.13  1.19734  0.394 3.771  4.153 10.0   0.037 0.00 13.785 13.746 14.133 13.679 13.582 13.572 13.948  1.196
 1   9.65 -0.41  1.15872  0.714 3.801  3.939 10.9   0.038 0.00 13.885 13.885 14.130 13.836 13.780 13.796 13.995  1.156
 1   9.65 -0.37  0.68255 -0.766 3.673  4.677  6.0   0.017 0.00 12.684 12.815 13.601 12.746 12.476 12.332 13.494  0.682
 1   9.65 -0.35  1.07436  0.381 3.811  4.276  9.7   0.036 0.00 13.517 13.520 13.745 13.472 13.427 13.454 13.617  1.073
 1   9.65 -0.31  0.98862  0.095 3.785  4.424  9.4   0.036 0.00 13.932 13.925 14.241 13.870 13.787 13.786 14.081  0.988
 1   9.65 -0.29  1.26169  2.074 3.645  1.989 10.0   0.037 0.00  9.585  9.838 10.770  9.778  9.450  9.251 10.462  1.250
 1   9.65 -0.27  1.05458  0.266 3.799  4.335  9.8   0.037 0.00 13.904 13.896 14.164 13.843 13.781 13.796 14.021  1.054
 1   9.65 -0.21  1.26689  0.996 3.693  3.260 10.5   0.037 0.00 12.779 12.866 13.555 12.797 12.567 12.449 13.298  1.263
 1   9.65 -0.17  1.06440  0.194 3.787  4.366  9.5   0.036 0.00 13.785 13.767 14.079 13.710 13.632 13.636 13.920  1.064
 1   9.65 -0.11  1.30714  1.716 3.673  2.436 10.8   0.038 0.00 11.279 11.417 12.219 11.345 11.081 10.933 11.921  1.194
 1   9.65 -0.09  1.00110  0.028 3.767  4.425  7.9   0.029 0.00 12.599 12.572 12.960 12.508 12.403 12.387 12.777  1.001
 1   9.65 -0.05  1.22242  0.629 3.794  4.019  8.8   0.034 0.00 11.997 11.964 12.249 11.908 11.846 11.861 12.096  1.220
 1   9.65 -0.05  1.05778  0.177 3.779  4.346  9.7   0.036 0.00 14.027 14.000 14.348 13.938 13.850 13.846 14.176  1.057
 1   9.65  0.05  1.12791  0.313 3.780  4.245  9.9   0.037 0.00 13.888 13.852 14.199 13.789 13.705 13.705 14.027  1.127
 1   9.65  0.05  1.32617  2.199 3.625  1.769 13.1   0.038 0.00 12.373 12.728 13.837 12.676 12.289 12.044 13.540  1.213
 1   9.67 -0.43  1.08965  0.453 3.806  4.194  7.9   0.029 0.00 11.538 11.538 11.769 11.491 11.441 11.464 11.640  1.088
 1   9.67 -0.41  1.20481  1.716 3.672  2.435 12.3   0.038 0.00 12.781 12.930 13.703 12.865 12.595 12.444 13.405  1.197
 1   9.67 -0.39  1.10505  0.554 3.809  4.109 10.5   0.037 0.00 13.884 13.887 14.112 13.840 13.794 13.819 13.984  1.103
 1   9.67 -0.37  1.22652  1.742 3.689  2.444  9.0   0.034 0.00  9.415  9.509 10.203  9.442  9.206  9.082  9.914  1.109
 1   9.67 -0.37  1.20273  0.943 3.701  3.324 10.3   0.037 0.00 12.713 12.782 13.417 12.717 12.500 12.393 13.160  1.199
 1   9.67 -0.33  0.69659 -0.735 3.676  4.664  7.2   0.025 0.00 13.808 13.938 14.717 13.867 13.601 13.460 14.604  0.696
 1   9.67 -0.27  0.80787 -0.420 3.721  4.594  5.7   0.015 0.00 11.519 11.531 12.090 11.462 11.284 11.211 11.890  0.808
 1   9.67 -0.27  1.18513  0.615 3.797  4.031 10.1   0.037 0.00 13.332 13.321 13.587 13.269 13.207 13.221 13.443  1.183
 1   9.67 -0.27  1.26415  1.836 3.676  2.311 12.2   0.038 0.00 12.379 12.509 13.282 12.440 12.180 12.037 12.977  1.149
 1   9.67 -0.25  1.15921  0.499 3.794  4.127 10.3   0.037 0.00 13.823 13.811 14.091 13.758 13.691 13.702 13.942  1.157
 1   9.67 -0.19  1.13457  0.410 3.798  4.220 10.3   0.037 0.00 14.046 14.030 14.302 13.976 13.915 13.931 14.156  1.133
 1   9.67 -0.17  1.22557  0.707 3.776  3.869  9.7   0.036 0.00 12.702 12.681 13.024 12.622 12.530 12.521 12.851  1.223
 1   9.67 -0.17  1.27814  1.714 3.674  2.433 12.1   0.038 0.00 12.585 12.719 13.507 12.648 12.386 12.241 13.208  1.162
 1   9.67 -0.13  1.19729  0.508 3.783  4.084  9.7   0.036 0.00 13.200 13.177 13.503 13.119 13.036 13.035 13.337  1.195
 1   9.67 -0.03  1.21467  0.622 3.782  3.975 10.4   0.037 0.00 13.615 13.585 13.915 13.525 13.443 13.444 13.746  1.213
 1   9.67  0.07  1.17066  0.452 3.779  4.117  7.2   0.025 0.00 10.840 10.792 11.139 10.729 10.646 10.647 10.965  1.169
 1   9.67  0.15  1.22271  0.575 3.768  3.967  9.2   0.035 0.00 12.532 12.491 12.890 12.423 12.322 12.309 12.699  1.221
 1   9.69 -0.51  1.18930  1.596 3.683  2.594 12.4   0.038 0.00 13.181 13.300 14.009 13.237 12.987 12.851 13.722  1.183
 1   9.69 -0.47  1.18363  1.115 3.700  3.141 10.9   0.038 0.00 12.882 12.956 13.587 12.893 12.674 12.564 13.323  1.180
 1   9.69 -0.41  1.12111  0.635 3.804  4.015 10.1   0.037 0.00 13.284 13.285 13.524 13.237 13.184 13.203 13.391  1.119
 1   9.69 -0.39  1.10179  0.565 3.806  4.085 10.0   0.037 0.00 13.357 13.358 13.592 13.311 13.260 13.282 13.461  1.100
 1   9.69 -0.39  1.15308  0.707 3.759  3.775 10.7   0.038 0.00 13.703 13.704 14.099 13.645 13.524 13.491 13.909  1.150
 1   9.69 -0.37  1.08672  0.440 3.806  4.205  9.5   0.036 0.00 13.170 13.171 13.408 13.123 13.072 13.095 13.276  1.085
 1   9.69 -0.21  0.60452 -1.043 3.635  4.749  5.5   0.014 0.00 12.878 13.155 14.208 13.104 12.721 12.500 14.200  0.604
 1   9.69 -0.19  1.26859  2.392 3.624  1.551 11.0   0.038 0.00  9.790 10.147 11.230 10.097  9.713  9.470 10.911  1.152
 1   9.69 -0.13  1.15666  0.430 3.788  4.167 10.0   0.037 0.00 13.694 13.673 13.983 13.615 13.540 13.545 13.823  1.155
 1   9.69 -0.11  1.20226  0.632 3.792  4.000  9.6   0.036 0.00 12.790 12.765 13.056 12.709 12.642 12.653 12.901  1.200
 1   9.69  0.15  1.28292  1.514 3.651  2.580 11.0   0.038 0.00 11.985 12.211 13.162 12.141 11.824 11.635 12.901  1.278
 1   9.69  0.17  0.97749 -0.097 3.743  4.444  7.7   0.028 0.00 12.713 12.686 13.189 12.611 12.472 12.430 12.988  0.977
 1   9.69  0.21  1.21125  0.544 3.765  3.982 10.5   0.037 0.00 13.909 13.868 14.286 13.798 13.691 13.676 14.090  1.209
 1   9.69  0.21  1.30396  3.334 3.495  0.103 11.3   0.038 0.00  7.734 10.729 13.914 12.107  9.892  8.288 13.255  1.187
 1   9.71 -0.55  1.05591  0.410 3.816  4.262  9.5   0.036 0.00 13.245 13.267 13.468 13.223 13.184 13.214 13.349  1.055
 1   9.71 -0.49  1.04304  0.353 3.811  4.292  9.8   0.037 0.00 13.687 13.703 13.923 13.657 13.610 13.635 13.798  1.042
 1   9.71 -0.47  1.17879  1.930 3.663  2.173 12.4   0.038 0.00 12.346 12.529 13.347 12.468 12.178 12.010 13.041  1.169
 1   9.71 -0.39  1.16863  1.429 3.682  2.751  9.3   0.035 0.00 10.498 10.615 11.337 10.550 10.300 10.165 11.057  1.164
 1   9.71 -0.39  1.15170  0.718 3.711  3.571  9.9   0.037 0.00 12.876 12.929 13.519 12.864 12.665 12.571 13.277  1.148
 1   9.71 -0.33  1.12828  0.508 3.790  4.089 10.3   0.037 0.00 13.799 13.793 14.083 13.740 13.666 13.671 13.931  1.126
 1   9.71 -0.29  1.05492  0.311 3.800  4.294  6.0   0.017 0.00  9.992  9.969 10.225  9.916  9.859  9.879 10.085  1.054
 1   9.71 -0.27  1.22482  1.723 3.679  2.421 11.1   0.038 0.00 11.561 11.682 12.436 11.613 11.360 11.221 12.138  1.105
 1   9.71 -0.13  1.25339  2.988 3.564  0.731 12.1   0.038 0.00  9.399 10.396 12.094 10.592  9.723  9.205 11.688  1.202
 1   9.71 -0.05  1.24621  0.987 3.684  3.226 11.6   0.038 0.00 13.903 14.012 14.760 13.940 13.694 13.563 14.508  1.243
 1   9.71  0.07  1.21340  0.594 3.748  3.866 10.4   0.037 0.00 13.684 13.664 14.134 13.593 13.460 13.422 13.922  1.211
 1   9.71  0.09  1.26134  1.522 3.653  2.573 11.9   0.038 0.00 12.865 13.082 14.011 13.012 12.701 12.517 13.747  1.256
 1   9.71  0.15  1.27195  2.478 3.588  1.355 12.7   0.038 0.00 11.274 11.937 13.374 11.979 11.373 10.988 13.072  1.252
 1   9.73 -0.63  1.14166  2.100 3.662  1.985 12.4   0.038 0.00 11.919 12.107 12.919 12.049 11.755 11.585 12.601  1.129
 1   9.73 -0.61  1.09515  0.669 3.815  4.013 10.0   0.037 0.00 13.097 13.118 13.317 13.075 13.037 13.064 13.199  1.093
 1   9.73 -0.53  1.04956  0.398 3.813  4.259  9.5   0.036 0.00 13.275 13.293 13.505 13.249 13.206 13.232 13.383  1.048
 1   9.73 -0.47  1.17385  1.873 3.684  2.272 13.2   0.038 0.00 13.287 13.398 14.110 13.334 13.087 12.954 13.812  1.055
 1   9.73 -0.45  1.04567  0.369 3.806  4.256  8.4   0.032 0.00 12.247 12.251 12.487 12.204 12.151 12.172 12.356  1.044
 1   9.73 -0.41  1.16962  1.799 3.687  2.352 11.9   0.038 0.00 12.172 12.275 12.981 12.210 11.968 11.839 12.687  1.046
 1   9.73 -0.39  1.13980  0.758 3.707  3.511 11.0   0.038 0.00 13.876 13.937 14.543 13.872 13.666 13.567 14.297  1.137
 1   9.73 -0.35  0.88938 -0.129 3.761  4.507  8.4   0.032 0.00 13.493 13.487 13.886 13.427 13.308 13.280 13.701  0.889
 1   9.73 -0.29  1.07776  0.374 3.799  4.238  9.9   0.037 0.00 13.736 13.728 13.993 13.676 13.615 13.630 13.850  1.076
 1   9.73 -0.27  1.21167  1.716 3.681  2.429  9.8   0.037 0.00 10.279 10.395 11.140 10.326 10.075  9.940 10.844  1.090
 1   9.73 -0.23  1.18832  0.617 3.731  3.765 10.0   0.037 0.00 13.228 13.244 13.762 13.177 13.013 12.948 13.537  1.186
 1   9.73 -0.23  1.13504  0.457 3.786  4.123 10.1   0.037 0.00 13.726 13.712 14.024 13.656 13.576 13.577 13.863  1.133
 1   9.73 -0.19  1.02964  0.159 3.783  4.369  8.3   0.031 0.00 12.673 12.651 12.977 12.594 12.510 12.510 12.813  1.029
 1   9.73 -0.19  1.22010  1.229 3.681  2.963 11.2   0.038 0.00 12.898 13.018 13.766 12.949 12.697 12.561 13.496  1.216
 1   9.73 -0.15  1.03549  0.166 3.782  4.359  9.3   0.035 0.00 13.655 13.635 13.968 13.576 13.490 13.488 13.801  1.035
 1   9.73 -0.09  1.11681  0.342 3.783  4.220 10.0   0.037 0.00 13.914 13.889 14.220 13.830 13.748 13.748 14.053  1.115
 1   9.73 -0.09  1.16839  0.558 3.790  4.052 10.6   0.038 0.00 13.974 13.949 14.251 13.892 13.821 13.829 14.092  1.166
 1   9.73 -0.07  0.89184 -0.250 3.735  4.525  8.6   0.033 0.00 13.994 13.994 14.511 13.923 13.768 13.712 14.308  0.891
 1   9.73 -0.07  1.20751  0.591 3.735  3.815 10.1   0.037 0.00 13.393 13.396 13.910 13.327 13.171 13.114 13.688  1.205
 1   9.73 -0.01  0.85303 -0.383 3.715  4.557  7.6   0.027 0.00 13.327 13.351 13.958 13.276 13.089 13.008 13.767  0.853
 1   9.73  0.11  1.07728  0.209 3.769  4.284  8.8   0.034 0.00 13.048 13.009 13.403 12.942 12.842 12.830 13.218  1.076
 1   9.73  0.19  1.23113  0.574 3.685  3.638  8.5   0.032 0.00 11.835 11.931 12.700 11.851 11.609 11.484 12.483  1.228
 1   9.75 -0.49  1.15360  1.733 3.692  2.436  9.3   0.035 0.00  9.738  9.827 10.496  9.764  9.531  9.411 10.210  1.034
 1   9.75 -0.49  1.14857  1.609 3.679  2.551 11.3   0.038 0.00 12.048 12.176 12.904 12.113 11.856 11.716 12.612  1.142
 1   9.75 -0.47  0.99978  0.245 3.801  4.342  9.8   0.037 0.00 13.957 13.967 14.220 13.918 13.856 13.870 14.083  0.999
 1   9.75 -0.47  1.15575  1.732 3.695  2.446 10.9   0.038 0.00 11.339 11.423 12.084 11.359 11.130 11.013 11.799  1.035
 1   9.75 -0.47  1.14573  1.376 3.688  2.819 11.2   0.038 0.00 12.529 12.634 13.320 12.571 12.330 12.203 13.044  1.141
 1   9.75 -0.37  1.10784  0.609 3.803  4.031 10.6   0.038 0.00 13.847 13.845 14.089 13.796 13.742 13.760 13.954  1.106
 1   9.75 -0.33  0.97300  0.122 3.786  4.393  9.4   0.036 0.00 13.864 13.859 14.170 13.804 13.722 13.722 14.012  0.972
 1   9.75 -0.29  1.03790  0.286 3.796  4.297  9.8   0.037 0.00 13.855 13.848 14.124 13.795 13.729 13.741 13.978  1.037
 1   9.75 -0.21  1.20826  1.835 3.653  2.238 10.8   0.038 0.00 10.983 11.203 12.100 11.139 10.828 10.644 11.805  1.200
 1   9.75 -0.15  0.65560 -0.909 3.648  4.703  6.6   0.021 0.00 13.641 13.871 14.839 13.806 13.468 13.278 14.823  0.656
 1   9.75 -0.09  1.22860  2.269 3.618  1.671 10.5   0.037 0.00  9.599 10.002 11.146  9.960  9.547  9.284 10.856  1.214
 1   9.75 -0.05  1.21768  0.945 3.684  3.258 11.0   0.038 0.00 13.407 13.516 14.262 13.443 13.198 13.068 14.012  1.214
 1   9.75  0.03  1.22520  1.616 3.651  2.456 10.7   0.038 0.00 11.430 11.656 12.590 11.589 11.273 11.085 12.317  1.218
 1   9.75  0.21  1.24773  1.672 3.653  2.375 11.0   0.038 0.00 11.589 11.801 12.752 11.728 11.417 11.233 12.468  1.124
 1   9.75  0.25  0.86919 -0.392 3.706  4.538  8.2   0.031 0.00 13.949 13.984 14.662 13.902 13.699 13.608 14.488  0.869
 1   9.77 -0.71  1.06536  0.741 3.725  3.570 10.2   0.037 0.00 13.119 13.162 13.674 13.104 12.924 12.845 13.444  1.062
 1   9.77 -0.49  1.12673  0.930 3.705  3.324 10.7   0.038 0.00 13.146 13.214 13.822 13.151 12.940 12.836 13.569  1.123
 1   9.77 -0.47  1.13279  1.390 3.687  2.795  9.6   0.036 0.00 10.895 11.002 11.693 10.939 10.696 10.568 11.416  1.128
 1   9.77 -0.45  0.98513  0.212 3.796  4.351  9.5   0.036 0.00 13.741 13.747 14.016 13.697 13.629 13.638 13.873  0.984
 1   9.77 -0.45  1.05183  0.413 3.798  4.184  9.9   0.037 0.00 13.637 13.642 13.902 13.593 13.528 13.540 13.762  1.050
 1   9.77 -0.45  1.13687  2.664 3.612  1.212 10.6   0.038 0.00  8.711  9.145 10.300  9.109  8.684  8.412  9.974  1.107
 1   9.77 -0.37  1.09431  0.589 3.801  4.037  8.7   0.033 0.00 11.997 11.992 12.241 11.942 11.885 11.902 12.104  1.092
 1   9.77 -0.35  1.14828  1.556 3.674  2.581 11.9   0.038 0.00 12.781 12.924 13.694 12.858 12.592 12.443 13.403  1.143
 1   9.77 -0.33  1.05966  0.381 3.795  4.207  9.3   0.035 0.00 13.117 13.111 13.388 13.059 12.991 13.002 13.241  1.058
 1   9.77 -0.23  1.13778  0.594 3.789  4.003  9.1   0.035 0.00 12.385 12.368 12.664 12.314 12.241 12.246 12.508  1.136
 1   9.77 -0.23  1.19167  3.033 3.566  0.669  9.7   0.036 0.00  6.887  7.826  9.485  7.985  7.174  6.683  9.096  1.131
 1   9.77 -0.15  1.11934  0.390 3.780  4.162 10.0   0.037 0.00 13.796 13.776 14.113 13.717 13.629 13.624 13.943  1.118
 1   9.77 -0.15  1.20807  2.726 3.588  1.080 11.3   0.038 0.00  9.256  9.893 11.296  9.909  9.348  8.986 10.990  1.175
 1   9.77 -0.13  1.05536  0.240 3.783  4.301  9.7   0.036 0.00 13.870 13.848 14.175 13.790 13.707 13.708 14.010  1.054
 1   9.77 -0.09  0.86563 -0.305 3.729  4.541  8.5   0.032 0.00 14.032 14.039 14.581 13.968 13.802 13.738 14.378  0.865
 1   9.77 -0.05  0.95472 -0.056 3.755  4.440  9.1   0.035 0.00 14.009 13.990 14.428 13.923 13.798 13.767 14.233  0.954
 1   9.77  0.03  1.16116  0.545 3.759  3.938  9.1   0.035 0.00 12.507 12.480 12.903 12.413 12.296 12.270 12.705  1.159
 1   9.77  0.21  1.17053  0.499 3.753  3.965 10.3   0.037 0.00 13.822 13.789 14.253 13.715 13.591 13.561 14.045  1.168
 1   9.79 -0.63  1.09332  1.170 3.704  3.066 11.8   0.038 0.00 13.644 13.718 14.322 13.657 13.442 13.336 14.062  1.089
 1   9.79 -0.61  1.02859  0.473 3.811  4.168  9.9   0.037 0.00 13.487 13.510 13.723 13.466 13.420 13.444 13.601  1.027
 1   9.79 -0.61  1.10551  1.568 3.687  2.604 12.0   0.038 0.00 12.850 12.961 13.647 12.901 12.656 12.525 13.363  1.100
 1   9.79 -0.55  1.12940  1.778 3.697  2.400 12.4   0.038 0.00 12.725 12.805 13.449 12.742 12.517 12.403 13.166  1.011
 1   9.79 -0.55  1.12058  1.689 3.678  2.454 13.0   0.038 0.00 13.547 13.680 14.411 13.618 13.358 13.215 14.115  1.113
 1   9.79 -0.35  1.11227  0.592 3.733  3.769 10.6   0.038 0.00 13.890 13.909 14.411 13.845 13.683 13.619 14.189  1.109
 1   9.79 -0.29  1.16703  1.831 3.675  2.269 12.6   0.038 0.00 12.793 12.926 13.701 12.857 12.595 12.450 13.394  1.039
 1   9.79 -0.27  0.85342 -0.256 3.742  4.539  7.2   0.025 0.00 12.609 12.604 13.078 12.538 12.393 12.345 12.879  0.853
 1   9.79 -0.23  1.17482  1.695 3.660  2.398 11.5   0.038 0.00 12.032 12.223 13.076 12.158 11.864 11.693 12.787  1.167
 1   9.79 -0.23  1.18242  1.713 3.680  2.413 13.0   0.038 0.00 13.486 13.605 14.360 13.535 13.283 13.145 14.062  1.055
 1   9.79 -0.23  1.17778  3.341 3.533  0.196 13.4   0.038 0.00  9.816 11.613 13.857 12.270 10.797  9.838 13.254  1.047
 1   9.79 -0.19  1.02444  0.186 3.783  4.341  9.0   0.034 0.00 13.306 13.287 13.613 13.229 13.146 13.145 13.449  1.024
 1   9.79 -0.19  0.97739  0.058 3.772  4.406  9.3   0.035 0.00 13.925 13.908 14.273 13.847 13.747 13.734 14.096  0.977
 1   9.79 -0.17  0.90614 -0.149 3.750  4.491  8.5   0.032 0.00 13.641 13.629 14.078 13.563 13.430 13.392 13.881  0.906
 1   9.79 -0.17  1.07852  0.317 3.785  4.241  9.7   0.036 0.00 13.678 13.659 13.976 13.602 13.522 13.524 13.814  1.077
 1   9.79 -0.15  0.95763 -0.010 3.764  4.431  9.0   0.034 0.00 13.794 13.777 14.176 13.714 13.602 13.580 13.990  0.957
 1   9.79 -0.15  1.19493  1.701 3.671  2.396 13.1   0.038 0.00 13.616 13.762 14.569 13.691 13.423 13.271 14.270  1.067
 1   9.79 -0.13  1.11888  0.428 3.782  4.134  7.2   0.025 0.00 10.900 10.867 11.191 10.808 10.727 10.729 11.025  1.117
 1   9.79 -0.07  1.03307  0.197 3.776  4.306  9.4   0.036 0.00 13.677 13.650 14.005 13.588 13.496 13.489 13.830  1.032
 1   9.79 -0.07  1.19671  1.357 3.668  2.774 12.5   0.038 0.00 13.877 14.039 14.867 13.969 13.691 13.534 14.599  1.192
 1   9.79 -0.03  0.85226 -0.362 3.718  4.549  8.3   0.031 0.00 13.975 13.997 14.589 13.923 13.741 13.663 14.393  0.852
 1   9.79  0.01  1.12698  0.469 3.771  4.052 10.2   0.037 0.00 13.799 13.768 14.143 13.704 13.606 13.594 13.959  1.125
 1   9.79  0.03  1.14522  0.519 3.761  3.966  9.3   0.035 0.00 12.772 12.745 13.161 12.678 12.564 12.540 12.965  1.143
 1   9.79  0.09  1.12542  0.427 3.768  4.081  9.6   0.036 0.00 13.303 13.267 13.661 13.201 13.099 13.085 13.473  1.124
 1   9.81 -0.61  0.90938  0.081 3.789  4.419  9.2   0.035 0.00 13.767 13.783 14.072 13.733 13.653 13.652 13.923  0.909
 1   9.81 -0.39  1.00306  0.300 3.791  4.250  6.9   0.023 0.00 10.920 10.908 11.190 10.855 10.784 10.792 11.041  1.002
 1   9.81 -0.37  1.11223  1.555 3.673  2.566 10.1   0.037 0.00 10.982 11.125 11.895 11.060 10.793 10.644 11.603  1.106
 1   9.81 -0.37  1.08011  0.606 3.775  3.909 10.5   0.037 0.00 13.755 13.749 14.089 13.694 13.596 13.582 13.919  1.078
 1   9.81 -0.35  1.11539  1.091 3.691  3.101 11.5   0.038 0.00 13.542 13.638 14.324 13.573 13.337 13.215 14.059  1.112
 1   9.81 -0.35  1.13022  1.790 3.682  2.322 12.0   0.038 0.00 12.296 12.411 13.145 12.343 12.094 11.959 12.846  0.998
 1   9.81 -0.23  0.97955  0.091 3.777  4.390  9.2   0.035 0.00 13.741 13.726 14.073 13.667 13.573 13.564 13.902  0.979
 1   9.81 -0.19  1.17660  1.694 3.677  2.418 12.9   0.038 0.00 13.434 13.559 14.332 13.488 13.232 13.091 14.032  1.047
 1   9.81 -0.17  1.17672  2.356 3.615  1.553 11.7   0.038 0.00 10.581 10.999 12.154 10.960 10.540 10.271 11.857  1.159
 1   9.81 -0.17  1.17900  1.696 3.674  2.405 12.1   0.038 0.00 12.630 12.764 13.554 12.693 12.431 12.285 13.253  1.049
 1   9.81 -0.05  1.13626  0.536 3.768  3.976  9.2   0.035 0.00 12.630 12.603 12.984 12.540 12.437 12.421 12.799  1.134
 1   9.81 -0.03  1.17856  1.148 3.674  3.000 10.9   0.038 0.00 12.799 12.938 13.736 12.865 12.601 12.455 13.474  1.175
 1   9.81 -0.01  1.18217  2.996 3.549  0.635 11.1   0.038 0.00  8.379  9.707 11.626 10.103  8.928  8.258 11.112  1.126
 1   9.81  0.07  1.10391  0.381 3.770  4.124 10.1   0.037 0.00 13.917 13.884 14.271 13.818 13.718 13.705 14.085  1.102
 1   9.81  0.07  1.18610  2.582 3.581  1.191 13.5   0.038 0.00 11.814 12.536 14.022 12.592 11.953 11.546 13.716  1.161
 1   9.83 -0.63  0.96697  0.323 3.806  4.270  9.1   0.035 0.00 13.063 13.085 13.316 13.039 12.984 13.002 13.188  0.966
 1   9.83 -0.49  1.04587  0.542 3.802  4.069 10.3   0.037 0.00 13.715 13.724 13.968 13.677 13.619 13.634 13.834  1.044
 1   9.83 -0.49  1.10224  1.721 3.695  2.431 12.2   0.038 0.00 12.667 12.752 13.411 12.688 12.460 12.342 13.127  0.974
 1   9.83 -0.47  0.86644 -0.116 3.765  4.498  7.4   0.026 0.00 12.460 12.456 12.832 12.399 12.285 12.261 12.653  0.866
 1   9.83 -0.47  1.09988  1.715 3.691  2.422 11.0   0.038 0.00 11.483 11.576 12.253 11.512 11.278 11.155 11.965  0.970
 1   9.83 -0.45  1.10157  1.726 3.694  2.420  6.3   0.019 0.00  6.756  6.826  7.488  6.761  6.534  6.419  7.204  0.970
 1   9.83 -0.43  1.08980  1.275 3.688  2.895 11.7   0.038 0.00 13.283 13.390 14.083 13.326 13.084 12.956 13.810  1.085
 1   9.83 -0.33  1.12327  1.755 3.684  2.359 12.8   0.038 0.00 13.184 13.294 14.023 13.226 12.979 12.847 13.726  0.989
 1   9.83 -0.31  1.12790  1.703 3.684  2.415 12.0   0.038 0.00 12.512 12.620 13.347 12.552 12.307 12.175 13.052  0.994
 1   9.83 -0.27  1.13840  2.577 3.605  1.271 13.8   0.038 0.00 12.127 12.612 13.845 12.583 12.128 11.833 13.541  1.111
 1   9.83 -0.25  0.93453 -0.014 3.767  4.438  9.0   0.034 0.00 13.805 13.793 14.173 13.732 13.624 13.604 13.993  0.934
 1   9.83 -0.25  1.07770  0.474 3.792  4.108 10.4   0.037 0.00 13.985 13.973 14.263 13.919 13.848 13.856 14.110  1.076
 1   9.83 -0.25  1.10149  0.566 3.775  3.960 10.4   0.037 0.00 13.756 13.742 14.087 13.684 13.589 13.577 13.914  1.099
 1   9.83 -0.21  0.98872  0.124 3.778  4.366  9.4   0.036 0.00 13.861 13.845 14.189 13.786 13.694 13.686 14.018  0.988
 1   9.83 -0.21  1.15800  1.694 3.678  2.415 10.8   0.038 0.00 11.336 11.459 12.224 11.388 11.133 10.994 11.925  1.026
 1   9.83 -0.15  1.16790  1.704 3.670  2.377 13.2   0.038 0.00 13.710 13.859 14.671 13.789 13.518 13.366 14.373  1.036
 1   9.83 -0.13  1.16813  1.688 3.654  2.377 12.5   0.038 0.00 13.051 13.266 14.163 13.200 12.893 12.710 13.878  1.161
 1   9.83 -0.11  0.81758 -0.421 3.713  4.570  7.1   0.024 0.00 12.923 12.952 13.559 12.878 12.687 12.603 13.368  0.817
 1   9.83 -0.09  1.16548  1.028 3.681  3.145 10.6   0.038 0.00 12.801 12.918 13.674 12.847 12.596 12.461 13.418  1.162
 1   9.83 -0.05  1.12045  0.510 3.768  3.994  9.7   0.036 0.00 13.194 13.169 13.552 13.105 13.002 12.985 13.366  1.118
 1   9.83  0.07  0.99997  0.063 3.759  4.357  9.0   0.034 0.00 13.613 13.584 14.015 13.515 13.398 13.374 13.822  0.999
 1   9.83  0.09  1.17257  1.907 3.628  2.055 12.8   0.038 0.00 12.802 13.144 14.234 13.091 12.709 12.469 13.962  1.163
 1   9.83  0.11  1.17078  1.413 3.654  2.652 12.3   0.038 0.00 13.537 13.751 14.680 13.682 13.371 13.188 14.423  1.166
 1   9.85 -0.63  0.79743 -0.255 3.753  4.550  8.5   0.032 0.00 13.907 13.920 14.338 13.862 13.726 13.684 14.147  0.797
 1   9.85 -0.63  1.01129  0.552 3.803  4.047 10.4   0.037 0.00 13.790 13.809 14.046 13.763 13.705 13.719 13.915  1.009
 1   9.85 -0.55  1.08602  1.724 3.698  2.434  9.7   0.036 0.00 10.160 10.237 10.877 10.174  9.950  9.837 10.596  0.960
 1   9.85 -0.47  1.08663  2.746 3.606  1.083 12.1   0.038 0.00 10.005 10.477 11.680 10.445 10.001  9.715 11.351  1.050
 1   9.85 -0.47  1.09082  1.742 3.694  2.399 12.3   0.038 0.00 12.714 12.801 13.467 12.736 12.506 12.388 13.180  0.959
 1   9.85 -0.45  1.01905  0.448 3.801  4.146  9.4   0.036 0.00 13.049 13.054 13.304 13.005 12.945 12.960 13.167  1.017
 1   9.85 -0.43  1.08022  1.582 3.675  2.533 12.2   0.038 0.00 13.015 13.154 13.909 13.089 12.825 12.679 13.613  1.073
 1   9.85 -0.39  1.08202  1.852 3.679  2.220 11.3   0.038 0.00 11.440 11.565 12.314 11.499 11.242 11.102 12.009  0.942
 1   9.85 -0.37  1.01865  0.367 3.785  4.162  9.4   0.036 0.00 13.252 13.248 13.557 13.194 13.110 13.108 13.398  1.017
 1   9.85 -0.35  0.99690  0.283 3.790  4.258  8.8   0.034 0.00 12.862 12.856 13.149 12.803 12.727 12.731 12.997  0.995
 1   9.85 -0.33  1.02687  0.341 3.783  4.185  9.5   0.036 0.00 13.417 13.410 13.727 13.354 13.269 13.265 13.566  1.025
 1   9.85 -0.33  1.01457  0.310 3.786  4.225  9.6   0.036 0.00 13.595 13.589 13.894 13.534 13.454 13.454 13.737  1.013
 1   9.85 -0.33  1.05261  0.498 3.791  4.073 10.1   0.037 0.00 13.625 13.619 13.905 13.566 13.494 13.500 13.754  1.051
 1   9.85 -0.29  1.11436  1.525 3.670  2.583 12.1   0.038 0.00 13.058 13.214 14.010 13.148 12.874 12.719 13.724  1.109
 1   9.85 -0.25  1.12603  1.422 3.673  2.702 12.5   0.038 0.00 13.716 13.861 14.646 13.794 13.526 13.376 14.364  1.121
 1   9.85 -0.23  1.08286  0.501 3.786  4.060 10.2   0.037 0.00 13.717 13.702 14.012 13.646 13.567 13.569 13.852  1.081
 1   9.85 -0.21  1.05693  0.319 3.778  4.202  9.6   0.036 0.00 13.574 13.557 13.897 13.499 13.408 13.401 13.727  1.055
 1   9.85 -0.19  1.15192  1.789 3.670  2.285 12.8   0.038 0.00 13.098 13.247 14.056 13.177 12.907 12.754 13.752  1.019
 1   9.85 -0.15  0.99123  0.130 3.774  4.348  8.9   0.034 0.00 13.345 13.323 13.681 13.262 13.167 13.157 13.506  0.990
 1   9.85 -0.11  0.85436 -0.303 3.729  4.535  7.7   0.028 0.00 13.228 13.232 13.770 13.161 12.996 12.933 13.567  0.854
 1   9.85 -0.09  1.16141  3.275 3.525  0.231 12.9   0.038 0.00  9.483 11.533 13.949 12.333 10.696  9.581 13.300  1.052
 1   9.87 -0.61  1.06020  1.728 3.704  2.441 12.4   0.038 0.00 12.849 12.917 13.527 12.856 12.642 12.535 13.254  0.934
 1   9.87 -0.57  1.07337  1.823 3.693  2.310 13.5   0.038 0.00 13.712 13.802 14.464 13.740 13.507 13.387 14.177  0.946
 1   9.87 -0.55  1.07484  1.727 3.700  2.433 10.4   0.037 0.00 10.853 10.925 11.556 10.862 10.642 10.532 11.276  0.947
 1   9.87 -0.35  1.08491  1.701 3.686  2.403 12.2   0.038 0.00 12.718 12.822 13.536 12.755 12.513 12.384 13.242  0.944
 1   9.87 -0.33  0.98892  0.254 3.787  4.273  8.7   0.033 0.00 12.836 12.828 13.131 12.773 12.694 12.696 12.975  0.988
 1   9.87 -0.31  0.92078  0.006 3.771  4.425  8.7   0.033 0.00 13.455 13.445 13.809 13.386 13.282 13.266 13.633  0.920
 1   9.87 -0.29  0.66236 -0.826 3.663  4.683  6.8   0.022 0.00 13.636 13.810 14.671 13.741 13.444 13.281 14.601  0.662
 1   9.87 -0.29  1.10537  1.685 3.681  2.408 12.8   0.038 0.00 13.357 13.474 14.218 13.405 13.155 13.019 13.920  0.966
 1   9.87 -0.27  1.05425  0.461 3.787  4.095  9.3   0.035 0.00 12.918 12.906 13.209 12.851 12.773 12.776 13.052  1.052
 1   9.87 -0.27  1.11672  1.828 3.672  2.236 13.6   0.038 0.00 13.801 13.944 14.735 13.875 13.608 13.458 14.428  0.979
 1   9.87 -0.25  1.12144  1.709 3.681  2.390 12.6   0.038 0.00 13.097 13.214 13.964 13.144 12.893 12.757 13.666  0.985
 1   9.87 -0.23  1.11721  1.261 3.678  2.879 10.5   0.037 0.00 12.117 12.246 13.005 12.177 11.919 11.778 12.731  1.113
 1   9.87 -0.21  1.12717  2.004 3.639  1.984 13.4   0.038 0.00 13.161 13.446 14.427 13.389 13.043 12.831 14.129  1.116
 1   9.87 -0.13  1.14306  2.031 3.633  1.937 13.1   0.038 0.00 12.793 13.110 14.141 13.055 12.692 12.465 13.850  1.131
 1   9.87 -0.11  0.93092 -0.056 3.756  4.434  8.5   0.032 0.00 13.411 13.392 13.822 13.327 13.203 13.173 13.629  0.930
 1   9.87 -0.11  1.14856  1.677 3.671  2.396 12.2   0.038 0.00 12.777 12.922 13.735 12.851 12.582 12.431 13.436  1.013
 1   9.87 -0.11  1.14575  2.144 3.624  1.789 13.5   0.038 0.00 12.909 13.271 14.362 13.222 12.834 12.588 14.071  1.132
 1   9.89 -0.61  1.04514  1.719 3.703  2.438 12.9   0.038 0.00 13.372 13.442 14.057 13.381 13.164 13.057 13.783  0.917
 1   9.89 -0.45  0.87026 -0.077 3.768  4.472  8.8   0.034 0.00 13.763 13.764 14.133 13.707 13.596 13.574 13.956  0.870
 1   9.89 -0.41  1.05945  1.786 3.685  2.302 10.3   0.037 0.00 10.605 10.712 11.425 10.646 10.402 10.271 11.129  0.917
 1   9.89 -0.37  0.78172 -0.396 3.727  4.582  7.1   0.024 0.00 12.861 12.874 13.401 12.808 12.637 12.569 13.196  0.781
 1   9.89 -0.33  0.78446 -0.408 3.724  4.581  7.8   0.028 0.00 13.589 13.609 14.155 13.542 13.366 13.293 13.950  0.784
 1   9.89 -0.23  1.10861  1.912 3.645  2.092 12.9   0.038 0.00 12.889 13.144 14.085 13.084 12.755 12.555 13.787  1.098
 1   9.89 -0.23  1.11458  1.770 3.674  2.300 13.2   0.038 0.00 13.545 13.680 14.465 13.610 13.347 13.201 14.160  0.976
 1   9.89 -0.19  1.11329  1.145 3.680  3.003 12.0   0.038 0.00 13.908 14.031 14.784 13.962 13.708 13.570 14.516  1.109
 1   9.89 -0.15  1.11987  1.012 3.683  3.150 11.4   0.038 0.00 13.639 13.753 14.495 13.683 13.435 13.302 14.237  1.116
 1   9.89 -0.11  1.12965  1.452 3.663  2.634 12.2   0.038 0.00 13.340 13.521 14.372 13.452 13.164 12.998 14.099  1.124
 1   9.89 -0.03  1.06552  0.399 3.768  4.084  9.8   0.037 0.00 13.573 13.547 13.933 13.483 13.379 13.362 13.747  1.064
 1   9.91 -0.63  0.82593 -0.127 3.767  4.494  6.0   0.017 0.00 11.086 11.085 11.446 11.030 10.919 10.896 11.272  0.825
 1   9.91 -0.63  1.02083  1.719 3.702  2.422 12.3   0.038 0.00 12.774 12.846 13.464 12.785 12.566 12.457 13.188  0.890
 1   9.91 -0.59  0.89403  0.093 3.787  4.390  8.7   0.033 0.00 13.239 13.251 13.547 13.200 13.116 13.113 13.395  0.893
 1   9.91 -0.45  0.75504 -0.453 3.720  4.597  7.6   0.027 0.00 13.504 13.533 14.084 13.468 13.284 13.206 13.880  0.755
 1   9.91 -0.41  1.04182  1.865 3.657  2.158 13.5   0.038 0.00 13.607 13.814 14.669 13.753 13.450 13.272 14.365  1.032
 1   9.91 -0.33  1.06147  1.542 3.670  2.545 11.9   0.038 0.00 12.814 12.970 13.760 12.905 12.631 12.476 13.471  1.054
 1   9.91 -0.33  1.06063  1.533 3.670  2.552 12.8   0.038 0.00 13.738 13.896 14.689 13.830 13.556 13.400 14.400  1.055
 1   9.91 -0.31  1.03869  0.510 3.763  3.941 10.4   0.037 0.00 13.895 13.890 14.278 13.831 13.715 13.688 14.091  1.036
 1   9.91 -0.29  1.07509  1.548 3.667  2.533 10.5   0.037 0.00 11.401 11.568 12.378 11.502 11.222 11.062 12.091  1.069
 1   9.91 -0.19  0.94302  0.041 3.768  4.387  9.1   0.035 0.00 13.767 13.751 14.134 13.689 13.582 13.564 13.952  0.942
 1   9.91 -0.15  1.11688  1.676 3.674  2.392 13.2   0.038 0.00 13.779 13.915 14.710 13.843 13.580 13.434 14.409  0.976
 1   9.91 -0.09  1.11647  1.401 3.663  2.683 11.6   0.038 0.00 12.867 13.045 13.895 12.977 12.690 12.525 13.625  1.111
 1   9.91 -0.07  1.05641  0.398 3.770  4.087 10.2   0.037 0.00 13.975 13.951 14.329 13.889 13.787 13.771 14.146  1.055
 1   9.91 -0.03  1.09882  0.617 3.688  3.558 10.5   0.037 0.00 13.728 13.826 14.555 13.753 13.515 13.391 14.323  1.096
 1   9.93 -0.75  0.97505  1.359 3.694  2.789  8.6   0.033 0.00  9.972 10.065 10.705 10.007  9.775  9.654 10.432  0.970
 1   9.93 -0.71  0.96036  0.589 3.760  3.816 10.5   0.037 0.00 13.798 13.819 14.198 13.766 13.641 13.605 14.015  0.958
 1   9.93 -0.71  0.98449  1.828 3.701  2.290 12.3   0.038 0.00 12.500 12.575 13.194 12.515 12.294 12.183 12.917  0.851
 1   9.93 -0.67  0.98862  1.710 3.709  2.442 12.6   0.038 0.00 13.094 13.155 13.736 13.095 12.890 12.790 13.473  0.854
 1   9.93 -0.57  1.02744  1.482 3.685  2.651 11.4   0.038 0.00 12.465 12.581 13.277 12.520 12.272 12.138 12.993  1.022
 1   9.93 -0.49  1.01351  0.569 3.760  3.861 10.6   0.038 0.00 13.948 13.956 14.343 13.900 13.778 13.745 14.156  1.011
 1   9.93 -0.43  0.86344 -0.079 3.766  4.464  8.4   0.032 0.00 13.369 13.367 13.743 13.309 13.197 13.173 13.564  0.863
 1   9.93 -0.41  0.86778 -0.068 3.767  4.456  8.6   0.033 0.00 13.539 13.537 13.913 13.479 13.367 13.344 13.734  0.867
 1   9.93 -0.19  1.09722  1.683 3.677  2.390 12.8   0.038 0.00 13.363 13.487 14.259 13.416 13.160 13.019 13.959  0.954
 1   9.93 -0.13  1.10365  1.627 3.655  2.415 11.7   0.038 0.00 12.401 12.614 13.508 12.548 12.242 12.061 13.226  1.096
 1   9.93 -0.11  1.03421  0.355 3.772  4.129  9.2   0.035 0.00 13.082 13.059 13.426 12.997 12.898 12.885 13.246  1.032
 1   9.93 -0.05  1.10652  1.664 3.668  2.376 11.7   0.038 0.00 12.310 12.466 13.300 12.393 12.119 11.963 13.003  0.961
 1   9.93  0.03  0.87597 -0.261 3.727  4.497  8.5   0.032 0.00 13.923 13.926 14.482 13.852 13.686 13.622 14.278  0.875
 1   9.93  0.05  1.10086  1.546 3.648  2.470 12.7   0.038 0.00 13.605 13.843 14.793 13.776 13.454 13.261 14.525  1.094
 1   9.95 -0.61  0.98757  0.652 3.716  3.589  9.4   0.036 0.00 12.541 12.594 13.148 12.533 12.340 12.250 12.911  0.984
 1   9.95 -0.53  1.02632  1.705 3.700  2.425 12.3   0.038 0.00 12.807 12.880 13.515 12.817 12.597 12.485 13.234  0.887
 1   9.95 -0.43  1.02513  1.825 3.683  2.232 13.7   0.038 0.00 13.907 14.022 14.747 13.956 13.706 13.572 14.446  0.877
 1   9.95 -0.33  0.93260  0.132 3.778  4.333  9.4   0.036 0.00 13.840 13.832 14.169 13.775 13.682 13.673 14.001  0.931
 1   9.95 -0.31  1.04132  1.359 3.675  2.741 12.3   0.038 0.00 13.673 13.810 14.574 13.743 13.480 13.335 14.291  1.036
 1   9.95 -0.29  1.04772  1.266 3.678  2.848  9.3   0.035 0.00 10.905 11.032 11.784 10.965 10.708 10.567 11.507  1.043
 1   9.95 -0.29  1.04307  0.855 3.692  3.313 10.4   0.037 0.00 13.031 13.124 13.808 13.056 12.824 12.704 13.554  1.040
 1   9.95 -0.25  0.94402  0.112 3.774  4.342  9.4   0.036 0.00 13.889 13.876 14.232 13.817 13.718 13.706 14.058  0.943
 1   9.95 -0.19  1.08045  1.907 3.641  2.072 11.1   0.038 0.00 11.102 11.375 12.343 11.316 10.977 10.770 12.050  1.070
 3  10.07 -2.35  0.83369  2.485 3.698  1.560 14.8   0.038 0.00 13.359 13.476 14.054 13.433 13.187 13.056 13.798  0.736
 3  10.07 -2.07  0.83151  1.228 3.731  2.996 11.3   0.038 0.00 12.999 13.093 13.528 13.050 12.868 12.782 13.329  0.827
 3  10.07 -1.89  0.83984  2.188 3.711  1.904 14.4   0.038 0.00 13.700 13.793 14.315 13.748 13.532 13.422 14.080  0.730
 3  10.07 -1.85  0.84059  3.181 3.641  0.629 12.0   0.038 0.00  8.817  9.120 10.158  9.085  8.677  8.446  9.730  0.730
 3  10.07 -1.69  0.83734  1.194 3.728  3.022 11.3   0.038 0.00 13.085 13.167 13.624 13.122 12.937 12.851 13.414  0.833
 3  10.07 -1.59  0.78330  0.102 3.807  4.404  9.3   0.035 0.00 13.815 13.902 14.118 13.863 13.799 13.806 13.997  0.782
 3  10.07 -1.41  0.85552  2.161 3.688  1.899 13.8   0.038 0.00 13.168 13.293 13.945 13.244 12.987 12.848 13.655  0.839
 3  10.07 -1.27  0.85580  1.695 3.748  2.542 13.1   0.038 0.00 13.633 13.675 14.060 13.628 13.483 13.425 13.877  0.729
 3  10.07 -1.09  0.87201  3.247 3.604  0.418 15.8   0.038 0.00 12.452 12.950 14.228 12.928 12.448 12.152 13.786  0.733
 3  10.07 -0.81  0.89338  1.720 3.718  2.409 13.4   0.038 0.00 13.871 13.923 14.456 13.865 13.673 13.584 14.210  0.745
 3  10.07 -0.79  0.89377  1.676 3.720  2.458 13.0   0.038 0.00 13.579 13.628 14.155 13.570 13.382 13.294 13.911  0.744
 3  10.11 -3.19  0.80961  1.712 3.719  2.450 13.1   0.038 0.00 13.590 13.697 14.169 13.657 13.453 13.349 13.958  0.801
 3  10.11 -2.29  0.81071  2.675 3.685  1.334 14.2   0.038 0.00 12.282 12.427 13.096 12.384 12.104 11.951 12.803  0.771
 3  10.11 -2.27  0.80784  1.197 3.733  3.023 11.9   0.038 0.00 13.677 13.775 14.199 13.733 13.554 13.470 14.004  0.803
 3  10.11 -2.27  0.81179  1.662 3.881  3.097 12.1   0.038 0.00 12.715 12.779 12.728 12.771 12.864 12.936 12.703  0.710
 3  10.11 -2.17  0.81462  2.556 3.693  1.450 13.8   0.038 0.00 12.179 12.304 12.921 12.259 12.002 11.863 12.648  0.709
 3  10.11 -2.01  0.75919  0.113 3.810  4.392  9.4   0.036 0.00 13.887 13.991 14.195 13.954 13.893 13.901 14.078  0.758
 3  10.11 -1.91  0.81883  3.529 3.694  0.449 15.4   0.038 0.00 11.347 11.450 12.119 11.400 11.133 10.995 11.821  0.658
 3  10.11 -1.79  0.81889  1.663 3.819  2.845 13.3   0.038 0.00 13.911 13.949 14.080 13.919 13.899 13.918 13.991  0.703
 3  10.11 -1.71  0.81729  1.313 3.724  2.877 11.7   0.038 0.00 13.187 13.271 13.740 13.226 13.035 12.944 13.525  0.812
 3  10.11 -1.71  0.82051  1.674 3.789  2.716 13.3   0.038 0.00 13.886 13.927 14.154 13.890 13.816 13.804 14.032  0.704
 3  10.11 -1.59  0.83256  2.205 3.704  1.851 14.6   0.038 0.00 13.858 13.952 14.518 13.904 13.677 13.560 14.261  0.715
 3  10.11 -1.43  0.83639  1.683 3.756  2.578 12.2   0.038 0.00 12.761 12.806 13.153 12.762 12.630 12.581 12.987  0.712
 3  10.11 -1.41  0.83790  3.328 3.610  0.348 16.5   0.038 0.00 12.950 13.426 14.708 13.408 12.920 12.629 14.236  0.713
 3  10.11 -1.39  0.83541  2.624 3.662  1.311 15.1   0.038 0.00 13.311 13.511 14.327 13.463 13.146 12.965 13.977  0.800
 3  10.11 -0.91  0.86340  1.675 3.730  2.483 13.3   0.038 0.00 13.882 13.923 14.398 13.869 13.697 13.621 14.175  0.714
 3  10.11 -0.85  0.86803  1.679 3.726  2.463 13.0   0.038 0.00 13.572 13.613 14.110 13.557 13.379 13.299 13.877  0.716
#TRILEGAL normally terminated